firstName,total,female,male,prFemale
Ur,1,0,1,0.0
Katrine,7,7,0,1.0
Sigyn,3,3,0,1.0
Salim,6,0,6,0.0
Salaheldin,1,0,1,0.0
Kenny,68,1,67,0.014705882352941176
Mridul,2,0,2,0.0
Gilda,12,12,0,1.0
Mariette,28,28,0,1.0
Anna-Marie,4,4,0,1.0
Martti,14,0,14,0.0
Elsy,32,32,0,1.0
Rodhe,6,6,0,1.0
Evalill,5,5,0,1.0
San,1,0,1,0.0
Bengt-Allan,1,0,1,0.0
Björn,1443,0,1443,0.0
AnnKatrin,3,3,0,1.0
Sussanne,1,1,0,1.0
Mussa,7,0,7,0.0
Sveneric,1,0,1,0.0
Gholamreza,3,0,3,0.0
Theres,5,5,0,1.0
Anne-Sofie,4,4,0,1.0
Lisebritt,2,2,0,1.0
Nadejda,12,12,0,1.0
Safa,2,0,2,0.0
Mudi,2,0,2,0.0
Johar,8,0,8,0.0
Aki,1,0,1,0.0
Erdal,2,0,2,0.0
Jörn,3,0,3,0.0
Solomon,3,0,3,0.0
Kjetil,1,0,1,0.0
Nils-Eric,1,0,1,0.0
Sasan,3,0,3,0.0
Albert,49,0,49,0.0
Rubina,12,12,0,1.0
Kujtim,3,0,3,0.0
Abdi,1,0,1,0.0
Alisa,1,1,0,1.0
Kent-Arne,6,0,6,0.0
Kenneth,567,0,567,0.0
Yao,3,0,3,0.0
Aldijana,8,8,0,1.0
Kjell,1361,0,1361,0.0
Leena,32,32,0,1.0
Yasar,2,0,2,0.0
Ive,2,2,0,1.0
Mizgin,6,0,6,0.0
Betil,1,0,1,0.0
Päivi,17,17,0,1.0
Cay,3,0,3,0.0
Sven-Ove,24,0,24,0.0
Egil,2,0,2,0.0
MarieAnne,1,1,0,1.0
Sophia,26,26,0,1.0
Carine,1,1,0,1.0
Nedjo,5,0,5,0.0
Gittan,6,6,0,1.0
Eva-Lis,2,2,0,1.0
Erika,249,249,0,1.0
Svanthe,1,0,1,0.0
Jöns,4,0,4,0.0
Lars-Arne,30,0,30,0.0
Sead,14,0,14,0.0
Sid,1,0,1,0.0
Anna-Paulina,1,1,0,1.0
Hans-Göran,24,0,24,0.0
Juha,15,0,15,0.0
Sameh,1,0,1,0.0
Harald,87,0,87,0.0
Annkristin,5,5,0,1.0
Nof,2,2,0,1.0
Eva-Sofie,1,1,0,1.0
Ulla-Gerd,1,1,0,1.0
Marjike,2,2,0,1.0
Norun,8,8,0,1.0
Ebtisam,14,14,0,1.0
A.Gunnar,2,0,2,0.0
Lilian,178,178,0,1.0
Hans-Otto,2,0,2,0.0
Lize-Lotte,1,1,0,1.0
Grethel,1,1,0,1.0
Saw,2,2,0,1.0
Edward,79,0,79,0.0
Nataliya,2,2,0,1.0
Anne-Britt,2,2,0,1.0
Innocent,11,0,11,0.0
Öystein,8,0,8,0.0
Azam,2,2,0,1.0
Annett,3,3,0,1.0
Edip,10,0,10,0.0
Per-Gordon,2,0,2,0.0
Tulda,1,1,0,1.0
Peter,2127,0,2127,0.0
Göta,7,7,0,1.0
Jenna,1,1,0,1.0
Iza,1,1,0,1.0
Irene,236,236,0,1.0
Nelly,11,11,0,1.0
Ejlon,1,0,1,0.0
Minea,1,1,0,1.0
Fjodor,23,0,23,0.0
Cristina,50,50,0,1.0
Mariane,1,1,0,1.0
Wissam,2,0,2,0.0
Fresia,6,6,0,1.0
Eva-Lotte,11,11,0,1.0
Eva-Lita,1,1,0,1.0
Svea,3,3,0,1.0
Bülent,4,0,4,0.0
Mariánne,1,1,0,1.0
Mari,69,69,0,1.0
Gun-Brith,4,4,0,1.0
Luz,1,1,0,1.0
Sven-Hugo,2,0,2,0.0
Aynur,4,4,0,1.0
Coni,1,1,0,1.0
Jazmin,5,5,0,1.0
Fonzi,29,0,29,0.0
Valle,2,0,2,0.0
Sigrun,1,1,0,1.0
Stewe,6,0,6,0.0
Nils-Assar,21,0,21,0.0
Emmeli,3,3,0,1.0
Zuzanna,15,15,0,1.0
Anne-Lill,1,1,0,1.0
Brith,8,8,0,1.0
Tannaz,5,5,0,1.0
Leon,2,0,2,0.0
Wivianne,2,2,0,1.0
Hans-Åke,40,0,40,0.0
Grazyna,18,18,0,1.0
Esa,8,0,8,0.0
Hilda,4,4,0,1.0
Jyrki,2,0,2,0.0
Lars-Erland,1,0,1,0.0
Bert-Ove,1,0,1,0.0
Ayisha,2,2,0,1.0
Ebtesam,2,2,0,1.0
Krisztian,3,0,3,0.0
Charbel,2,0,2,0.0
Therese,162,162,0,1.0
Vamai,1,0,1,0.0
Krister,284,0,284,0.0
Jan-Ivar,2,0,2,0.0
Grels,5,0,5,0.0
Mussie,5,0,5,0.0
Esse,14,0,14,0.0
Philothée,6,6,0,1.0
Didar,18,18,0,1.0
Nihad,21,0,21,0.0
Stanko,2,0,2,0.0
Penny,2,2,0,1.0
Yasi,1,1,0,1.0
Gun-Karin,1,1,0,1.0
Firas,4,0,4,0.0
Malik,2,0,2,0.0
Aneth,1,1,0,1.0
Maine,4,4,0,1.0
Adnan,27,0,27,0.0
Gullan,6,6,0,1.0
Carl-Henrik,21,0,21,0.0
Giovanni,6,0,6,0.0
Martis,7,0,7,0.0
Rasoul,11,0,11,0.0
Milla,1,1,0,1.0
Tjälvar,2,0,2,0.0
Bina,8,8,0,1.0
Rigmor,84,84,0,1.0
Miko,6,0,6,0.0
Zazan,18,0,18,0.0
Jan-David,1,0,1,0.0
Alli-Marie,7,7,0,1.0
Abdikani,12,0,12,0.0
Fadia,4,4,0,1.0
Marianna,5,5,0,1.0
Perolof,8,0,8,0.0
Naliya,2,2,0,1.0
Nuhi,9,0,9,0.0
Levon,2,0,2,0.0
Herman,50,0,50,0.0
Claire,3,3,0,1.0
Seyfi,12,0,12,0.0
Suss,1,1,0,1.0
Jan-Anders,12,0,12,0.0
Renee,6,6,0,1.0
Holger,49,0,49,0.0
Gin,3,3,0,1.0
Asbjörn,2,0,2,0.0
Rolf.G,4,0,4,0.0
Bo-Gunnar,1,0,1,0.0
Georgette,4,4,0,1.0
Zekeriya,2,0,2,0.0
Bahram,3,0,3,0.0
Jojo,1,1,0,1.0
Mårthen,1,0,1,0.0
Per-Olle,2,0,2,0.0
Kia,39,39,0,1.0
Sandy,3,3,0,1.0
Thord,70,0,70,0.0
Zlatinka,3,3,0,1.0
Ninos,15,0,15,0.0
Birgitt,1,1,0,1.0
Josette,1,1,0,1.0
Maren,2,2,0,1.0
Sverker,50,0,50,0.0
Inga-Lisen,1,1,0,1.0
Eve,6,6,0,1.0
Ninnie,4,4,0,1.0
Vjollca,1,1,0,1.0
Carsten,2,0,2,0.0
Ganimete,1,1,0,1.0
Ratko,1,0,1,0.0
Annaeva,1,1,0,1.0
Annkatrin,15,15,0,1.0
Kathy,1,1,0,1.0
Ann-Cristin,4,4,0,1.0
Shadi,174,174,0,1.0
Donaldh,1,0,1,0.0
Said,19,0,19,0.0
Mariam,47,47,0,1.0
Derin,3,3,0,1.0
Teresia,20,20,0,1.0
Fatma,3,3,0,1.0
Asiye,2,2,0,1.0
Yar,2,0,2,0.0
Sissi,1,1,0,1.0
Suad,10,7,3,0.7
Remi,2,0,2,0.0
Annicki,1,1,0,1.0
Mauri,8,0,8,0.0
Sten-Olof,4,0,4,0.0
Irgens,1,0,1,0.0
Yoomi,2,2,0,1.0
Mohamad,23,0,23,0.0
Willis,1,0,1,0.0
Kally,1,1,0,1.0
MariAnne,9,9,0,1.0
Asima,4,4,0,1.0
Elinor,40,40,0,1.0
Heidie,3,3,0,1.0
Danica,10,10,0,1.0
Rut,31,31,0,1.0
Antonia,6,6,0,1.0
Rikard,148,0,148,0.0
Joseph,9,0,9,0.0
Jan-Elof,1,0,1,0.0
Berna,7,7,0,1.0
Bryan,3,0,3,0.0
Nana,1,1,0,1.0
Ulf-Peter,7,0,7,0.0
Leila,21,21,0,1.0
Victoria,81,81,0,1.0
Rana,6,6,0,1.0
Edison,1,0,1,0.0
Gun-Mari,1,1,0,1.0
Cani,2,2,0,1.0
Ann-Britt,136,136,0,1.0
Róbert,1,0,1,0.0
Zakarias,1,0,1,0.0
Larsaxel,2,0,2,0.0
Nils-Ebbe,1,0,1,0.0
Sofija,3,3,0,1.0
Berno,9,0,9,0.0
Janna,9,9,0,1.0
Denise,7,7,0,1.0
Erzsébet,1,1,0,1.0
Farshad,2,0,2,0.0
Annchristin,1,1,0,1.0
Oscar,131,0,131,0.0
Medo,1,0,1,0.0
Sally,3,3,0,1.0
Zakaria,1,0,1,0.0
Patric,60,0,60,0.0
Ljerka,7,7,0,1.0
Edgardo,7,0,7,0.0
Tom,120,0,120,0.0
KarinMalin,1,1,0,1.0
Ajrula,2,0,2,0.0
Donal,1,0,1,0.0
Lisette,9,9,0,1.0
Kristian,56,0,56,0.0
Somir,1,0,1,0.0
Celal,7,0,7,0.0
Tesfamikael,1,0,1,0.0
Petri,36,0,36,0.0
Ljupco,1,0,1,0.0
Nehayat,4,4,0,1.0
Huseyin,10,0,10,0.0
Pim,1,1,0,1.0
Hussien,3,0,3,0.0
Lazarus,12,0,12,0.0
Mari-Teres,1,1,0,1.0
Günter,5,0,5,0.0
Alma,24,24,0,1.0
Zeljko,13,0,13,0.0
Rosa,9,9,0,1.0
Slavica,2,2,0,1.0
Taina,4,4,0,1.0
Gesa,2,2,0,1.0
Marieann,2,2,0,1.0
Estigül,2,2,0,1.0
Anne-Mari,2,2,0,1.0
Valdemar,6,0,6,0.0
Elsa,36,36,0,1.0
Sevdije,2,2,0,1.0
Erkki,32,0,32,0.0
Valdimir,6,0,6,0.0
Ulla-Karin,14,14,0,1.0
Kevork,4,0,4,0.0
Marley,2,2,0,1.0
Helén,86,86,0,1.0
Bashar,2,0,2,0.0
Per-Jonas,7,0,7,0.0
Lars-Nila,1,0,1,0.0
R.,6,0,6,0.0
Per-Inge,32,0,32,0.0
Kurt-Lennart,18,0,18,0.0
Lennie,2,0,2,0.0
Sara,550,550,0,1.0
Ingelis,1,1,0,1.0
Bengt-Arne,6,0,6,0.0
Nathan,4,0,4,0.0
Hellen,1,1,0,1.0
Rupert,6,0,6,0.0
Alois,1,0,1,0.0
Gullevi,1,1,0,1.0
Ullrika,6,6,0,1.0
Angéla,6,6,0,1.0
Bert-Rune,1,0,1,0.0
Ture,8,0,8,0.0
Øjvind,5,0,5,0.0
Qaisar,12,0,12,0.0
Karl-Edvard,5,0,5,0.0
Kosovare,1,1,0,1.0
Edib,3,0,3,0.0
Gullie,7,7,0,1.0
Mansour,2,0,2,0.0
Fimsuu,21,0,21,0.0
Lizzy,1,1,0,1.0
Elvy,24,24,0,1.0
Mioslava,1,1,0,1.0
Babak,2,0,2,0.0
Wahid,3,0,3,0.0
Artem,2,0,2,0.0
Grete,5,5,0,1.0
Clairy,3,3,0,1.0
Omed,1,0,1,0.0
Clas-Göran,5,0,5,0.0
Marcia,2,2,0,1.0
Valda,2,2,0,1.0
Backa,1,0,1,0.0
Ann-Marget,8,8,0,1.0
Öivind,1,0,1,0.0
Kamran,18,0,18,0.0
Khaled,2,0,2,0.0
Aino,13,13,0,1.0
Suada,4,4,0,1.0
Zouheyr,1,0,1,0.0
PerÅke,2,0,2,0.0
Lars-Stellan,1,0,1,0.0
Steinar,6,0,6,0.0
Vi,3,0,3,0.0
Detlef,3,0,3,0.0
Tove,102,102,0,1.0
Willy,48,0,48,0.0
Winfried,1,0,1,0.0
Aili,1,1,0,1.0
Karlis,6,0,6,0.0
Franz,3,0,3,0.0
Kathrin,14,14,0,1.0
Lembit,1,0,1,0.0
Alli,2,2,0,1.0
Mattis,9,0,9,0.0
Hannele,3,3,0,1.0
Anna-Karin,235,235,0,1.0
Reneé,18,18,0,1.0
Aslim,2,2,0,1.0
John-Gunnar,1,0,1,0.0
Fikret,10,0,10,0.0
Gösta,295,0,295,0.0
Cenita,2,2,0,1.0
Xanna,2,2,0,1.0
Raul,10,0,10,0.0
Hamid,15,0,15,0.0
Ewa,672,672,0,1.0
Nazar,2,0,2,0.0
Zaara,1,1,0,1.0
Oddleif,1,0,1,0.0
Bengt-Jörgen,1,0,1,0.0
Annéa,1,1,0,1.0
Visar,2,0,2,0.0
Rita,66,66,0,1.0
Valerian,1,0,1,0.0
Mery,24,24,0,1.0
Mary-Ann,3,3,0,1.0
Jovan,2,0,2,0.0
Mário,3,0,3,0.0
Colm,9,0,9,0.0
Nisse,22,0,22,0.0
Solveig,284,284,0,1.0
Solgun,2,2,0,1.0
Esben,1,0,1,0.0
Inga-Karin,2,2,0,1.0
Maher,38,0,38,0.0
Inez,25,25,0,1.0
Chadia,2,2,0,1.0
Norton,2,0,2,0.0
Anti,3,0,3,0.0
Nils-Gunnar,34,0,34,0.0
Abuarisheh,3,0,3,0.0
Sheneh,4,4,0,1.0
Angela,43,43,0,1.0
Birgita,1,1,0,1.0
Syle,7,0,7,0.0
Agda,3,3,0,1.0
Aleksandar-Pal,6,0,6,0.0
Junita,8,8,0,1.0
Yester,2,2,0,1.0
Lotten,42,42,0,1.0
Elwy,2,2,0,1.0
Therés,2,2,0,1.0
Thérèse,11,11,0,1.0
Svenerik,2,0,2,0.0
AnnBritt,11,11,0,1.0
Lowisa,12,12,0,1.0
Mahin,6,6,0,1.0
Karmen,1,1,0,1.0
Keller,1,0,1,0.0
Sven-Erick,7,0,7,0.0
Niosha,2,2,0,1.0
Rauger,1,0,1,0.0
Al,2,0,2,0.0
Sahadet,21,21,0,1.0
Crispin,6,0,6,0.0
Octavio,3,0,3,0.0
Robertho,2,0,2,0.0
Elina,74,74,0,1.0
Helena-Maria,5,5,0,1.0
Mosa,9,0,9,0.0
Inger-Karin,12,12,0,1.0
Sigrid,22,22,0,1.0
Lilliane,3,3,0,1.0
Gadha,12,12,0,1.0
Sven-Ola,1,0,1,0.0
Eva-Lisa,12,12,0,1.0
Kent-Ove,4,0,4,0.0
Margaretha,368,368,0,1.0
Yanina,2,2,0,1.0
Wallis,3,0,3,0.0
Carl,762,0,762,0.0
Conrad,1,0,1,0.0
Nissan,3,3,0,1.0
Kaldi,2,2,0,1.0
Karl-Gösta,3,0,3,0.0
Esbjörn,25,0,25,0.0
Bente,18,18,0,1.0
Sarchel,2,0,2,0.0
Cynthian,2,2,0,1.0
Margarita,14,14,0,1.0
Jean-Pierre,2,0,2,0.0
Jasem,3,0,3,0.0
Arie,1,0,1,0.0
Karla,4,4,0,1.0
Anne-Margret,10,10,0,1.0
Shkurte,1,1,0,1.0
Käll,1,0,1,0.0
Armen,2,0,2,0.0
Davinder,2,0,2,0.0
Regis,2,0,2,0.0
Elizabet,4,4,0,1.0
Ragnhild,40,40,0,1.0
Anne-Cathrine,5,5,0,1.0
Abdo,7,0,7,0.0
Zeinab,3,3,0,1.0
Shorish,1,0,1,0.0
Lageholm,1,1,0,1.0
Lars-Donald,2,0,2,0.0
Niila,1,0,1,0.0
IngBritt,3,3,0,1.0
Derly,2,2,0,1.0
Orshina,2,2,0,1.0
Laurentiu,4,0,4,0.0
Kamel,2,0,2,0.0
Junette,3,3,0,1.0
Suat,5,5,0,1.0
Jerome,1,0,1,0.0
Istvan,2,0,2,0.0
Ole-Jörgen,6,0,6,0.0
Cécile,2,2,0,1.0
Raendie,7,7,0,1.0
Tea,2,2,0,1.0
Soma,3,3,0,1.0
Billy,50,0,50,0.0
Küllike,10,10,0,1.0
KG,1,0,1,0.0
Farah,8,8,0,1.0
Bernt-Olov,1,0,1,0.0
Lillebil,11,11,0,1.0
Bror-Erik,6,0,6,0.0
Halina,47,47,0,1.0
Feline,2,2,0,1.0
Mahmood,16,0,16,0.0
Marcos,1,0,1,0.0
Ingmarie,11,11,0,1.0
Aira,1,1,0,1.0
Nils-Olof,28,0,28,0.0
Regiana,1,1,0,1.0
Katalin,2,2,0,1.0
Arif,5,0,5,0.0
Sharam,2,0,2,0.0
Terje,21,0,21,0.0
Pepa,5,5,0,1.0
Frederik,4,0,4,0.0
Mohamud,2,0,2,0.0
Margit,77,77,0,1.0
Vicki,2,2,0,1.0
Ewy,19,19,0,1.0
Ruza,2,2,0,1.0
Gorges,3,0,3,0.0
Faruk,5,0,5,0.0
Carljohan,1,0,1,0.0
Ingemar,537,0,537,0.0
Evangelos,2,0,2,0.0
Wellington,5,0,5,0.0
Cerny,1,0,1,0.0
Bahman,2,0,2,0.0
Jaakko,7,0,7,0.0
Willi,28,0,28,0.0
Vinko,2,0,2,0.0
Jannike,4,4,0,1.0
Vesna,9,9,0,1.0
Dror,4,0,4,0.0
Wictor,1,0,1,0.0
Irena,4,4,0,1.0
Hanns,2,0,2,0.0
Anne-Chatrine,2,2,0,1.0
Frida,184,184,0,1.0
Firat,4,0,4,0.0
Kokab,2,2,0,1.0
Rolf,849,0,849,0.0
Hendrik,6,0,6,0.0
Emmali,6,6,0,1.0
Renée,22,22,0,1.0
Sonia,95,95,0,1.0
Rino,4,0,4,0.0
Majo,4,4,0,1.0
Simon,179,2,177,0.0111731843575419
Christa,5,5,0,1.0
Inga-Brita,1,1,0,1.0
Per-Elof,2,0,2,0.0
AnneLouise,1,1,0,1.0
Miralem,1,0,1,0.0
Valéria,8,8,0,1.0
Jim-Alex,5,0,5,0.0
Ramesh,2,0,2,0.0
Valter,34,0,34,0.0
Janica,4,4,0,1.0
Swen,5,0,5,0.0
Tova,10,10,0,1.0
Sigbert,2,0,2,0.0
Cristine,6,6,0,1.0
Ruzica,10,10,0,1.0
Elfrid,1,0,1,0.0
Pema,2,2,0,1.0
Viktor,211,0,211,0.0
Sabor,2,0,2,0.0
Erik-Widar,1,0,1,0.0
Sulo,1,0,1,0.0
Frederick,11,0,11,0.0
Siewert,4,0,4,0.0
John-Ingvar,1,0,1,0.0
Elof,18,0,18,0.0
Marietta,3,3,0,1.0
Hilbert,1,0,1,0.0
Abdulla,3,0,3,0.0
Zekrulla,2,0,2,0.0
Waileth,1,1,0,1.0
Eva-Lill,2,2,0,1.0
Kaan,38,0,38,0.0
Land,1,1,0,1.0
Karl-Yngve,1,0,1,0.0
Majri,1,1,0,1.0
Åse-Britt,1,1,0,1.0
Janine,7,7,0,1.0
Eero,3,0,3,0.0
Liliane,7,7,0,1.0
Elo,3,0,3,0.0
Böril,1,0,1,0.0
Boris,60,0,60,0.0
Ulrich,9,0,9,0.0
Antonious,2,0,2,0.0
Bahrija,1,1,0,1.0
Linde,2,0,2,0.0
Sabah,7,0,7,0.0
Ann-Carolin,1,1,0,1.0
Florentino,2,0,2,0.0
Emöke,7,7,0,1.0
Sami,6,0,6,0.0
Nicke,27,0,27,0.0
Shlomo,10,0,10,0.0
Erich,2,0,2,0.0
Bertil,703,0,703,0.0
Ella-Britt,4,4,0,1.0
Jörg,1,0,1,0.0
ChrisTina,7,7,0,1.0
Anna-Belle,2,2,0,1.0
Desiré,8,8,0,1.0
Ben,5,0,5,0.0
Ann-Katrin,50,50,0,1.0
Anne-Lie,41,41,0,1.0
Jonne,7,0,7,0.0
Jasmin,13,2,11,0.15384615384615385
Jac,2,0,2,0.0
Owen,4,0,4,0.0
Anas,2,0,2,0.0
Jamila,3,3,0,1.0
Sven-Mikael,34,0,34,0.0
Luzzi,1,1,0,1.0
Kasper,2,0,2,0.0
Stenerik,1,0,1,0.0
Levi,36,0,36,0.0
Veste,3,0,3,0.0
Ximena,2,2,0,1.0
Kassim,2,0,2,0.0
Mads,6,0,6,0.0
Vello,4,0,4,0.0
Christine,89,89,0,1.0
Aisa,1,1,0,1.0
Nadine,29,29,0,1.0
Péteris,5,0,5,0.0
Hadar,6,0,6,0.0
Stig,820,0,820,0.0
Emelie,80,80,0,1.0
Ann-Magreth,1,1,0,1.0
Stavros,5,0,5,0.0
Matilda,72,72,0,1.0
Kjellarne,2,0,2,0.0
Izabella,3,3,0,1.0
Gert-Erik,1,0,1,0.0
Ann-Christine,127,127,0,1.0
Pratima,1,1,0,1.0
Ågot,1,1,0,1.0
Anneli,245,245,0,1.0
Wivi,9,9,0,1.0
Ruschadaporn,5,5,0,1.0
Linnar,1,0,1,0.0
Käthy,5,5,0,1.0
Siv,300,300,0,1.0
Evald,27,0,27,0.0
Terry,2,0,2,0.0
Linn,56,56,0,1.0
Teddy,2,0,2,0.0
Britt-Sofi,8,8,0,1.0
Zuzanne,7,7,0,1.0
Matti,25,0,25,0.0
Mounir,3,0,3,0.0
Mikhael,28,0,28,0.0
Jaroslav,2,0,2,0.0
Anneliese,1,1,0,1.0
Pieter,2,0,2,0.0
Naceur,1,0,1,0.0
Noa,1,0,1,0.0
Ia,30,30,0,1.0
Mahlin,8,8,0,1.0
Emilio,7,0,7,0.0
Talal,2,0,2,0.0
Sedi,1,1,0,1.0
Binella,2,2,0,1.0
Dawan,1,0,1,0.0
Lindor,2,0,2,0.0
Birthe,10,10,0,1.0
Majlise,1,1,0,1.0
Madiorie,1,1,0,1.0
Karl-Ivar,3,0,3,0.0
Christian,471,0,471,0.0
AnneSofie,1,1,0,1.0
Haldo,1,0,1,0.0
Carl-Gustaf,38,0,38,0.0
Ally,5,5,0,1.0
Gordon,8,0,8,0.0
Josephine,9,9,0,1.0
Yilmaz,5,0,5,0.0
Milivoje,1,0,1,0.0
Andy,9,0,9,0.0
Egon,21,0,21,0.0
Helene.,1,1,0,1.0
Gotthard,2,0,2,0.0
Öjvind,1,0,1,0.0
Birk,1,0,1,0.0
Nahom,5,0,5,0.0
Pekka,19,0,19,0.0
Jan-Peter,11,0,11,0.0
Desireé,6,6,0,1.0
Marwin,7,0,7,0.0
Josefina,20,20,0,1.0
Basmal,2,0,2,0.0
Else-Beth,7,7,0,1.0
Geertje,1,1,0,1.0
Mätta,19,19,0,1.0
Eugen,3,0,3,0.0
Ebbe,52,0,52,0.0
Erene,1,1,0,1.0
Kicky,1,1,0,1.0
Thony,2,0,2,0.0
Mita,29,29,0,1.0
Tore,170,0,170,0.0
Herminia,2,2,0,1.0
Layla,4,4,0,1.0
Birol,6,0,6,0.0
Uffe,1,0,1,0.0
Mawahib,1,1,0,1.0
Nicklas,114,0,114,0.0
Jirina,8,8,0,1.0
Seibert,2,0,2,0.0
Azita,9,9,0,1.0
Geneviéve,2,2,0,1.0
Anibal,8,0,8,0.0
Kenan,3,0,3,0.0
Hampe,2,0,2,0.0
Kjerstin,4,4,0,1.0
Arentz,1,0,1,0.0
Vivi-Anne,7,7,0,1.0
Klas-Åke,1,0,1,0.0
Mishginna,2,0,2,0.0
Aage,31,0,31,0.0
Lorenz,1,0,1,0.0
Svetlana,16,16,0,1.0
Ana,29,29,0,1.0
AnnChristine,1,1,0,1.0
Nawal,13,13,0,1.0
Ferid,9,0,9,0.0
Florence,8,8,0,1.0
Marie-Anne,9,9,0,1.0
Yrsa,15,15,0,1.0
Herbert,10,0,10,0.0
S-O,2,0,2,0.0
Mieczyslaw,1,0,1,0.0
Andras,1,0,1,0.0
Anna-Nora,9,9,0,1.0
Roberto,7,0,7,0.0
Gian-Claudio,1,0,1,0.0
Tobias,457,0,457,0.0
Charles,11,0,11,0.0
Malou,8,8,0,1.0
Mande,2,0,2,0.0
Sedat,5,0,5,0.0
Sverre,33,0,33,0.0
Alexandros,12,0,12,0.0
Jennica,6,6,0,1.0
Ulf-Göran,3,0,3,0.0
Madelaine,18,18,0,1.0
Brittis,3,3,0,1.0
Olov,72,0,72,0.0
Göder,1,0,1,0.0
Ella,41,41,0,1.0
Mona-Lisa,21,21,0,1.0
Margarete,2,2,0,1.0
Anne-Lis,2,2,0,1.0
Karina,34,34,0,1.0
Flint,6,6,0,1.0
Marjoriel,1,1,0,1.0
Ewe,8,0,8,0.0
Thom,16,0,16,0.0
Jadwiga,1,1,0,1.0
Mirsad,8,0,8,0.0
Tim,24,1,23,0.041666666666666664
Ann-Gerd,2,2,0,1.0
Awaz,15,7,8,0.4666666666666667
Ratana,3,3,0,1.0
Sven-Bertil,8,0,8,0.0
Helge,34,0,34,0.0
Abdullah,1,0,1,0.0
Lars-Gunnar,120,0,120,0.0
Eleanore,2,2,0,1.0
Luis,76,0,76,0.0
Wailet,8,8,0,1.0
Mona-Lis,2,2,0,1.0
Anna-Kerstin,10,10,0,1.0
Ingwer,4,0,4,0.0
Styrbjörn,9,0,9,0.0
Katina,6,6,0,1.0
Clair,2,2,0,1.0
Orit,9,9,0,1.0
Heiti,9,0,9,0.0
Irené,1,1,0,1.0
Danne,29,0,29,0.0
Darko,4,0,4,0.0
Aghbal,2,0,2,0.0
Nurten,2,2,0,1.0
Alexandre,1,0,1,0.0
Chatrine,14,14,0,1.0
Isac,7,0,7,0.0
Majlis,7,7,0,1.0
Cia,27,27,0,1.0
Heinz,38,0,38,0.0
Ann-Chatrine,11,11,0,1.0
Lorentz,8,0,8,0.0
Mahira,1,1,0,1.0
Asta,23,23,0,1.0
Pinar,9,9,0,1.0
Anton,124,0,124,0.0
Jaak,3,0,3,0.0
Karl-Gerhard,1,0,1,0.0
Jessie,2,2,0,1.0
Elie,1,0,1,0.0
Per-Håkan,1,0,1,0.0
Wanda,2,2,0,1.0
Gretel,6,6,0,1.0
João,1,0,1,0.0
Annemari,6,6,0,1.0
Carl-Fredrik,9,0,9,0.0
Ciri,3,3,0,1.0
Wilhelmina,2,2,0,1.0
Gertrud,81,81,0,1.0
Kira,1,1,0,1.0
Neele,3,3,0,1.0
Ronald,49,0,49,0.0
Hannah-Karin,4,4,0,1.0
Pehr,22,0,22,0.0
Lydia,20,20,0,1.0
Lewi,2,0,2,0.0
Manu,1,1,0,1.0
Simone,42,42,0,1.0
Sven-Eric,12,0,12,0.0
Nic,6,0,6,0.0
Gunlög,19,19,0,1.0
Hans-Inge,11,0,11,0.0
Eimer,2,0,2,0.0
Johny,14,0,14,0.0
Carl-Thure,2,0,2,0.0
Kanya,1,1,0,1.0
Gunillahelen,2,2,0,1.0
John-Ivan,1,0,1,0.0
Åse-Lill,9,9,0,1.0
Ewabritt,16,16,0,1.0
Sholeh,1,1,0,1.0
Sacir,1,0,1,0.0
Lolo,5,5,0,1.0
Gun-Marie,15,15,0,1.0
Ann-Lois,2,2,0,1.0
Sven-Gustaf,2,0,2,0.0
Daniele,6,0,6,0.0
Lirije,2,2,0,1.0
Urban,236,0,236,0.0
Oxana,1,1,0,1.0
Maino,3,3,0,1.0
Riitta,10,10,0,1.0
Bojan,45,2,43,0.044444444444444446
Klern,1,0,1,0.0
Mickaéla,1,1,0,1.0
Zara-Li,2,2,0,1.0
Arash,7,0,7,0.0
Karl-Allan,3,0,3,0.0
Maiken,1,1,0,1.0
Ann-sofie,1,1,0,1.0
Aneesa,6,6,0,1.0
Muhammad,3,0,3,0.0
Gulli,6,6,0,1.0
Claes-Urban,3,0,3,0.0
Borghild-Marianne,1,1,0,1.0
Helen,157,157,0,1.0
Mary-Anne,1,1,0,1.0
Zofia,8,8,0,1.0
Botolf,1,0,1,0.0
Annecharlotte,1,1,0,1.0
Birgit,348,348,0,1.0
Anna-Britta,7,7,0,1.0
Lene,10,10,0,1.0
Avni,7,0,7,0.0
Markku,24,0,24,0.0
Lorenzo,2,0,2,0.0
Bjarne,50,0,50,0.0
Alaettin,1,0,1,0.0
Kawa,5,0,5,0.0
Inga-Lisa,13,13,0,1.0
Benedict,6,0,6,0.0
Spyridon,1,0,1,0.0
Torleif,7,0,7,0.0
Filip,60,0,60,0.0
Nils-Ola,3,0,3,0.0
Céline,3,3,0,1.0
Pedro,4,0,4,0.0
Märtha,24,24,0,1.0
Sarita,4,4,0,1.0
Mashhood,2,0,2,0.0
Annelill,3,3,0,1.0
Sinikka,10,10,0,1.0
Elwing,2,0,2,0.0
Dmitar,1,0,1,0.0
Baki,2,0,2,0.0
Jukka,2,0,2,0.0
Torbjörn,490,0,490,0.0
Matthias,14,0,14,0.0
Benny,244,5,239,0.020491803278688523
Sanne,1,1,0,1.0
Trude,1,1,0,1.0
Hiba,2,2,0,1.0
Samuel,203,0,203,0.0
Annette,143,143,0,1.0
Mostafa,2,0,2,0.0
Walla,3,3,0,1.0
Basil,2,0,2,0.0
Joa,2,0,2,0.0
Rauli,2,0,2,0.0
Mirjana,6,6,0,1.0
Ronni,1,0,1,0.0
Hanne,24,23,1,0.9583333333333334
Jan-Willy,3,0,3,0.0
Esso,2,0,2,0.0
Satu,2,2,0,1.0
Carl-Eric,34,0,34,0.0
Tuulikki,1,1,0,1.0
Iscah,2,2,0,1.0
Ludmila,7,7,0,1.0
Ginna,1,1,0,1.0
Chaker,1,0,1,0.0
Azizullah,1,0,1,0.0
Margoth,34,34,0,1.0
Jeanne,6,6,0,1.0
Kaija,2,2,0,1.0
Lena,1628,1628,0,1.0
Astrid-Marie,7,7,0,1.0
Winston,13,0,13,0.0
Christopher,252,0,252,0.0
Ronny,203,0,203,0.0
Cevdet,25,0,25,0.0
Nancy,7,7,0,1.0
Arin,6,0,6,0.0
Liebert,1,0,1,0.0
Yuehua,2,2,0,1.0
Tomi,6,0,6,0.0
Shadiye,1,1,0,1.0
Merry,1,1,0,1.0
Janeth,6,6,0,1.0
Sigge,5,0,5,0.0
Eddy,3,0,3,0.0
Thore,44,0,44,0.0
Olof,305,9,296,0.029508196721311476
John-Erik,26,0,26,0.0
Börge,6,0,6,0.0
Pascale,4,4,0,1.0
Lars-Erik,364,0,364,0.0
Sangar,2,0,2,0.0
Myriam,2,2,0,1.0
Mari-Louise,4,4,0,1.0
Damir,2,0,2,0.0
Stigert,9,0,9,0.0
Emy,2,2,0,1.0
Ing,6,6,0,1.0
Gejbert,1,0,1,0.0
Lissy,14,14,0,1.0
Ulrik,52,0,52,0.0
Karl-Arne,3,0,3,0.0
Christofer,7,0,7,0.0
Steven,3,0,3,0.0
Mait,2,2,0,1.0
Parvaneh,13,13,0,1.0
Fredrik,1510,0,1510,0.0
Chatarina,13,13,0,1.0
Mauno,22,0,22,0.0
Wäinö,1,0,1,0.0
Luke,12,0,12,0.0
Homayon,12,0,12,0.0
Javier,4,0,4,0.0
Inna,3,3,0,1.0
Hans-Erik,47,0,47,0.0
Jackie,16,1,15,0.0625
Roza,1,1,0,1.0
Leif-Erik,2,0,2,0.0
Augosto,1,0,1,0.0
Gabriel,96,0,96,0.0
Wiveka,3,3,0,1.0
Loman,1,1,0,1.0
Zitha,1,1,0,1.0
Jelena,9,9,0,1.0
Borghild,1,1,0,1.0
Refika,7,7,0,1.0
Chamoun,1,0,1,0.0
Shqiprim,1,0,1,0.0
Tarik,1,0,1,0.0
André,57,0,57,0.0
Zewdu,1,0,1,0.0
Shawki,3,0,3,0.0
Adrienne,2,2,0,1.0
Disa,40,40,0,1.0
Wera,8,8,0,1.0
Hardy,54,0,54,0.0
Jerzy,7,0,7,0.0
Laine,2,2,0,1.0
Isaac,1,0,1,0.0
Dicka,8,8,0,1.0
Viktorija,2,2,0,1.0
Olavi,9,0,9,0.0
Hilding,1,0,1,0.0
Jerry,78,0,78,0.0
Albin,13,0,13,0.0
Laila,271,271,0,1.0
Ann-Sofi,200,200,0,1.0
Agnita,2,2,0,1.0
Nada,9,9,0,1.0
Elwe,1,0,1,0.0
Mahmoud,29,0,29,0.0
Torolf,5,0,5,0.0
Sotiris,12,0,12,0.0
Carl-Ewert,6,0,6,0.0
Hans-Ove,22,0,22,0.0
Gustavo,9,0,9,0.0
Julius,4,0,4,0.0
Per-Göran,22,0,22,0.0
Maseullah,14,0,14,0.0
Rafael,7,0,7,0.0
Sylva,3,3,0,1.0
Draginja,27,27,0,1.0
Asmir,2,0,2,0.0
Rahma,6,6,0,1.0
Artturi,5,0,5,0.0
Chamilla,1,1,0,1.0
Sigbritt,51,51,0,1.0
Aliz,1,1,0,1.0
Mark,50,0,50,0.0
John-Eric,1,0,1,0.0
Liljana,1,1,0,1.0
Ingvor,16,16,0,1.0
Margareth,3,3,0,1.0
Ernst,8,0,8,0.0
Yan,8,0,8,0.0
Anna-Grethe,2,2,0,1.0
Evelyn,6,6,0,1.0
Febe,5,5,0,1.0
Zozan,9,9,0,1.0
Bengt-Erik,18,0,18,0.0
Catrin,127,127,0,1.0
Macarena,1,1,0,1.0
Ninel,3,3,0,1.0
Atea,7,7,0,1.0
Sharon,1,1,0,1.0
Madlén,6,6,0,1.0
Martin,955,0,955,0.0
Eirik,7,0,7,0.0
Shamsedin,24,0,24,0.0
Stephanie,40,40,0,1.0
Renate,16,16,0,1.0
Sara-Lena,40,40,0,1.0
Janeric,10,0,10,0.0
Fuat,2,0,2,0.0
Maivi,1,1,0,1.0
Sanija,2,2,0,1.0
Mirsada,1,1,0,1.0
Mimmi,52,52,0,1.0
Tahmoures,6,0,6,0.0
Hans-Christer,9,0,9,0.0
Thorgny,3,0,3,0.0
Jomark,6,0,6,0.0
Predrag,2,0,2,0.0
Fanny,46,46,0,1.0
Inger-Lise,3,3,0,1.0
Aestan,2,0,2,0.0
Behnaz,9,9,0,1.0
Gustav,298,0,298,0.0
Anne-Grethe,1,1,0,1.0
Eshag,4,0,4,0.0
Dannie,1,0,1,0.0
Wasim,2,0,2,0.0
Margareetta,6,6,0,1.0
Lilliana,8,8,0,1.0
Jens-Mikael,6,0,6,0.0
May-Louise,1,1,0,1.0
Togge,42,0,42,0.0
Dina,8,8,0,1.0
Behice,6,6,0,1.0
Tiia,2,2,0,1.0
Lili,13,13,0,1.0
Heine,2,0,2,0.0
Tengo,14,0,14,0.0
Carlos,63,0,63,0.0
Ann-Sophie,10,10,0,1.0
Matte,1,0,1,0.0
PeO,1,0,1,0.0
Inga-Maj,41,41,0,1.0
Ulla-Britt,139,139,0,1.0
Kurt-Roland,1,0,1,0.0
Steen,10,0,10,0.0
Rosita,18,18,0,1.0
Sofi,12,12,0,1.0
Laurice,4,4,0,1.0
Benkt,4,0,4,0.0
Aqba,3,0,3,0.0
Akko,39,39,0,1.0
Zelotinka,1,1,0,1.0
Tyko,5,0,5,0.0
Hamdi,3,0,3,0.0
Alve,8,0,8,0.0
Zoran,10,0,10,0.0
Jösta,3,0,3,0.0
Butsarin,1,1,0,1.0
Rosemari,1,1,0,1.0
Christl,1,1,0,1.0
Sargon,2,0,2,0.0
Maija-Liisa,2,2,0,1.0
Åsa,1060,1060,0,1.0
Vuokko,2,2,0,1.0
Naim,18,0,18,0.0
Manora,16,16,0,1.0
Issam,5,0,5,0.0
Pajand,8,0,8,0.0
Myra,26,26,0,1.0
Reza,26,0,26,0.0
Marina,148,148,0,1.0
Teo,5,5,0,1.0
Kersti,20,20,0,1.0
Maibritt,1,1,0,1.0
Per-Magnus,9,0,9,0.0
Ronja,13,13,0,1.0
Victor-Hugo,2,0,2,0.0
Tolu,7,0,7,0.0
Hossein,7,0,7,0.0
Airi,1,1,0,1.0
Jan-Ewert,3,0,3,0.0
Carl-Evert,5,0,5,0.0
Sigrún,2,2,0,1.0
Ulla-Liza,12,12,0,1.0
Zimon,1,0,1,0.0
Janneke,1,1,0,1.0
Kiberom,2,0,2,0.0
Seydi,4,4,0,1.0
Theresa,7,7,0,1.0
Bil,1,0,1,0.0
Mamadou,4,0,4,0.0
Lee,2,0,2,0.0
Thure,19,0,19,0.0
Else-Maj,4,4,0,1.0
Rougel,1,0,1,0.0
Leif-Ove,2,0,2,0.0
Anna-Carin,62,62,0,1.0
Ingert,1,1,0,1.0
Fadil,1,0,1,0.0
Hag,8,0,8,0.0
Mats-Ove,3,0,3,0.0
Bror-Willy,1,0,1,0.0
Talia,3,3,0,1.0
Gull-May,4,4,0,1.0
Nils-Inge,11,0,11,0.0
Katerina,5,5,0,1.0
Dardan,1,0,1,0.0
Gazali,6,6,0,1.0
Lollo,13,13,0,1.0
Boriana,2,2,0,1.0
Vangelis,2,0,2,0.0
Roberth,19,0,19,0.0
Juhani,12,0,12,0.0
Kekke,2,0,2,0.0
Estrid,3,3,0,1.0
Ed,8,0,8,0.0
Pälla,8,8,0,1.0
Abir,11,11,0,1.0
Sassi,6,0,6,0.0
Vladimir,4,0,4,0.0
Soudabeh,2,2,0,1.0
Anina,3,3,0,1.0
May-Lis,1,1,0,1.0
Kjell-Evert,6,0,6,0.0
Shamm,1,1,0,1.0
Stevan,4,0,4,0.0
Kristina,829,829,0,1.0
Ridha,2,0,2,0.0
Mileva,6,6,0,1.0
Osborne,10,0,10,0.0
Tapio,2,0,2,0.0
Mary,71,71,0,1.0
Martina,118,118,0,1.0
Assar,19,0,19,0.0
AnnSofi,3,3,0,1.0
Emma-Lou,2,2,0,1.0
Faradj,2,0,2,0.0
Mbuche,6,6,0,1.0
Elvis,1,0,1,0.0
Pernille,2,2,0,1.0
Aloys,1,0,1,0.0
Lena-Mari,5,5,0,1.0
Larsgunnar,1,0,1,0.0
Hans-Elof,1,0,1,0.0
Soledad,5,5,0,1.0
Marianné,2,2,0,1.0
Maj-Stin,8,8,0,1.0
Adelina,11,11,0,1.0
Eleonor,26,26,0,1.0
Daniela,5,5,0,1.0
Adele,8,8,0,1.0
Tora,3,3,0,1.0
Agnetha,116,116,0,1.0
P,1,0,1,0.0
Lars-Inge,26,0,26,0.0
Raimo,12,0,12,0.0
Fernando,7,0,7,0.0
Chekol,1,0,1,0.0
Jård,1,0,1,0.0
Arion,2,0,2,0.0
Hanh,4,4,0,1.0
Birger,199,0,199,0.0
Mursal,6,0,6,0.0
Ewa-Lena,3,3,0,1.0
Birgitta,1794,1794,0,1.0
Michelle,18,18,0,1.0
Vanesa,12,12,0,1.0
Ann-Charlott,25,25,0,1.0
Claudette,2,2,0,1.0
Stanley,11,0,11,0.0
Lars-Åke,153,0,153,0.0
Ensio,1,0,1,0.0
Leopold,1,0,1,0.0
Erling,61,0,61,0.0
Maivor,4,4,0,1.0
Nazim,1,0,1,0.0
Curt-Gösta,2,0,2,0.0
Gerdt,2,0,2,0.0
Justinian,12,0,12,0.0
Ditte,2,2,0,1.0
Oldrich,3,0,3,0.0
S.,1,0,1,0.0
Münibe,2,2,0,1.0
Karen,12,12,0,1.0
Anethe,3,3,0,1.0
Yorge,1,0,1,0.0
Borislav,39,0,39,0.0
Xhilda,12,12,0,1.0
Sofia-Maria,2,2,0,1.0
Helmuth,23,0,23,0.0
Sanije,2,2,0,1.0
Sten-Axel,3,0,3,0.0
Remco,1,0,1,0.0
Kjell-Ove,1,0,1,0.0
Dagny,13,13,0,1.0
Cornelia,24,24,0,1.0
Sven-Arne,13,0,13,0.0
Toran,4,0,4,0.0
Eilert,17,0,17,0.0
Terttu,6,6,0,1.0
Anna-Linda,1,1,0,1.0
Kevin,1,0,1,0.0
Jonathan,198,0,198,0.0
Mejke,24,24,0,1.0
Maie,2,2,0,1.0
Poul,8,0,8,0.0
Tove-Liv,1,1,0,1.0
Ilmar,2,0,2,0.0
Jasenka,2,2,0,1.0
Hannu,16,0,16,0.0
Aila,16,16,0,1.0
Kathleen,1,1,0,1.0
Celia,18,18,0,1.0
Emily,4,4,0,1.0
Dagobert,1,0,1,0.0
Herrmy,4,4,0,1.0
Lorna,7,7,0,1.0
Wajdi,1,0,1,0.0
Ilvana,4,4,0,1.0
Ola,438,0,438,0.0
Råsie,1,1,0,1.0
Lenny,1,0,1,0.0
Magdalene,2,2,0,1.0
Xamuel,2,0,2,0.0
Alazar,6,0,6,0.0
Iver,1,0,1,0.0
Georgiy,8,0,8,0.0
RoseMarie,2,2,0,1.0
Pauliina,2,2,0,1.0
Per-Henrik,1,0,1,0.0
Nezir,1,0,1,0.0
Ghenet,6,6,0,1.0
Minka,7,7,0,1.0
Kenth,91,0,91,0.0
Månika,1,1,0,1.0
Rune,373,0,373,0.0
Regina,52,52,0,1.0
Viola,27,27,0,1.0
Carl-Erik,31,0,31,0.0
Nea,4,4,0,1.0
Moritz,1,0,1,0.0
Siw,116,116,0,1.0
Eva-Carin,1,1,0,1.0
EvaMargareta,12,12,0,1.0
László,3,0,3,0.0
Lisanne,21,21,0,1.0
Hjalle,1,0,1,0.0
Ilona,14,14,0,1.0
Rose,34,34,0,1.0
Adriaan,3,0,3,0.0
Mirwais,2,0,2,0.0
Jens-Jonathan,1,0,1,0.0
Anne-Maj,11,11,0,1.0
Sascha,8,8,0,1.0
Lena-Maj,37,37,0,1.0
Bo-Åke,1,0,1,0.0
Dave,1,0,1,0.0
Bob,46,0,46,0.0
Dumitru,1,0,1,0.0
Maryam,5,5,0,1.0
Penahi,2,0,2,0.0
Awatf,1,1,0,1.0
Bengta,1,1,0,1.0
Muzaffer,4,0,4,0.0
Bahrije,2,2,0,1.0
Haiko,2,0,2,0.0
Amer,9,0,9,0.0
Gert,209,0,209,0.0
Anna-Lisa,33,33,0,1.0
Sores,3,0,3,0.0
Anne-Margrete,1,1,0,1.0
Tycho,1,0,1,0.0
Roman,2,0,2,0.0
Väinö,3,0,3,0.0
Heinrich,6,0,6,0.0
Hans-Bertil,9,0,9,0.0
Rutger,33,0,33,0.0
Inga-Märta,21,21,0,1.0
Shiva,2,2,0,1.0
Virginie,8,8,0,1.0
Maritta,5,5,0,1.0
Carl-Otto,7,0,7,0.0
Gert-Ingvar,1,0,1,0.0
Betty-Ann,4,4,0,1.0
Maarit,5,5,0,1.0
Alejandro,6,0,6,0.0
Cathrine,35,35,0,1.0
Gunaino,1,1,0,1.0
Anna-Maja,1,1,0,1.0
Aoni,9,0,9,0.0
Abshir,11,0,11,0.0
Jannica,2,2,0,1.0
Stig-Göran,8,0,8,0.0
Ingalill,78,78,0,1.0
Lana,6,6,0,1.0
Beat,3,0,3,0.0
Britt-Lis,10,10,0,1.0
Fahad,12,0,12,0.0
Linnda,2,2,0,1.0
Helena-Ilona,2,2,0,1.0
Josef,181,0,181,0.0
Bengt-Göte,2,0,2,0.0
Peggy,1,1,0,1.0
Katriina,14,14,0,1.0
Semir,2,0,2,0.0
Christin,31,31,0,1.0
Beth,10,10,0,1.0
Tanja,29,29,0,1.0
Christiane,16,16,0,1.0
Penilla,8,8,0,1.0
Suzan,11,11,0,1.0
Dinore,1,1,0,1.0
Nore,2,0,2,0.0
Ulla-Lena,1,1,0,1.0
Sixten,25,0,25,0.0
Gull-Maj,7,7,0,1.0
Liang,4,0,4,0.0
Catti,1,1,0,1.0
Souheil,2,0,2,0.0
Sievert,5,0,5,0.0
Subani,2,2,0,1.0
Tomy,6,0,6,0.0
Dahmane,5,5,0,1.0
Juval,1,0,1,0.0
AnnaTora,3,3,0,1.0
Barbara,77,77,0,1.0
Tahar,3,0,3,0.0
Thale-Marie,3,3,0,1.0
Anna-Malin,3,3,0,1.0
Bernt,393,0,393,0.0
Mohamoud,7,0,7,0.0
Efwa,1,1,0,1.0
Boel,38,38,0,1.0
Jan-Ove,32,0,32,0.0
Louise,221,221,0,1.0
Hugh,1,0,1,0.0
Lisbet,8,8,0,1.0
Kjell-Roland,1,0,1,0.0
Agneta,686,686,0,1.0
Polina,1,1,0,1.0
Kent-Erik,1,0,1,0.0
Sigvald,1,0,1,0.0
Heikki,11,0,11,0.0
Pehr-Ove,1,0,1,0.0
Ingeman,2,0,2,0.0
Bo-Ingemar,1,0,1,0.0
Lilly,6,6,0,1.0
Soraia,1,1,0,1.0
Ragda,2,2,0,1.0
Manassés,1,0,1,0.0
Annmarie,2,2,0,1.0
Tünde,12,12,0,1.0
Halbast,1,0,1,0.0
Gladys,14,14,0,1.0
Najat,4,4,0,1.0
Csaba,8,0,8,0.0
Aydan,2,2,0,1.0
Shukrije,7,7,0,1.0
Kikki,5,5,0,1.0
Jonas,1256,0,1256,0.0
Sevda,1,1,0,1.0
Stig-Arne,45,0,45,0.0
IngMarie,12,12,0,1.0
Karl-Evert,3,0,3,0.0
Franco,8,0,8,0.0
Sverrir,2,0,2,0.0
Zobéir,5,0,5,0.0
Ann-Louice,1,1,0,1.0
Samira,7,7,0,1.0
Catharina,228,228,0,1.0
Zafar,2,0,2,0.0
Khalida,14,14,0,1.0
Pär-Olov,2,0,2,0.0
Nils,529,0,529,0.0
Cke,37,37,0,1.0
Hans-Jörgen,4,0,4,0.0
Sasa,2,0,2,0.0
Frishta,1,1,0,1.0
Aihry,5,5,0,1.0
Karan,2,0,2,0.0
Pia-Lena,2,2,0,1.0
David,495,0,495,0.0
Lars-Rune,2,0,2,0.0
Ali,139,1,138,0.007194244604316547
Nancée,1,1,0,1.0
Niclas,336,0,336,0.0
Mecide,2,2,0,1.0
Karsten,2,0,2,0.0
MajLis,1,1,0,1.0
Ann-Renée,6,6,0,1.0
Julita,1,1,0,1.0
Carl-Göran,10,0,10,0.0
Zaki,10,0,10,0.0
Majsan,8,8,0,1.0
Hjalmar,15,0,15,0.0
Lloyd,6,0,6,0.0
Azin,2,2,0,1.0
Beryl,17,17,0,1.0
Gulshan,1,1,0,1.0
Håkan,1075,0,1075,0.0
Oddbjörn,1,0,1,0.0
Denny,8,0,8,0.0
Lia,3,3,0,1.0
Roxanna,4,4,0,1.0
Lars-Evert,8,0,8,0.0
Solbritt,26,26,0,1.0
Shaniaz,2,2,0,1.0
Kinora,2,2,0,1.0
Harriette,1,1,0,1.0
Belkis,2,2,0,1.0
Gemma,2,2,0,1.0
Mendo,4,0,4,0.0
Alecsandra,1,1,0,1.0
Israel,2,0,2,0.0
Viveka,25,25,0,1.0
Mexhide,1,1,0,1.0
Rose-Mari,10,10,0,1.0
Stephen,35,0,35,0.0
Norman,1,0,1,0.0
Melchora,1,1,0,1.0
Lassä,1,0,1,0.0
Laszlo,91,0,91,0.0
Shiro,1,0,1,0.0
Mervi,15,15,0,1.0
Cennedy,1,0,1,0.0
Adelie,12,12,0,1.0
AnnaCarin,5,5,0,1.0
Saveta,3,3,0,1.0
Gunnemar,2,0,2,0.0
Carl-Gustav,16,0,16,0.0
Akram,16,2,14,0.125
Muhamed,2,0,2,0.0
Frank-Otto,7,0,7,0.0
Ann-Mari,51,51,0,1.0
Aqil,2,0,2,0.0
Hosein,1,0,1,0.0
Inga-Lill,206,206,0,1.0
Maj-Lise,1,1,0,1.0
Busi,9,9,0,1.0
Jennie,90,90,0,1.0
Morad,4,0,4,0.0
Hamza,5,0,5,0.0
Nikta,6,6,0,1.0
Janne,139,0,139,0.0
Lacka,1,0,1,0.0
Knut-Magnus,1,0,1,0.0
Katryn,1,1,0,1.0
Emin,1,0,1,0.0
Mai-Kathe,3,3,0,1.0
Toralf,2,0,2,0.0
Stig-Gunnar,1,0,1,0.0
Iris,46,46,0,1.0
Mariamne,2,2,0,1.0
Bruce,72,0,72,0.0
Gunde,1,0,1,0.0
Magne,12,0,12,0.0
Duv,2,0,2,0.0
Lars-Martin,1,0,1,0.0
Karoline,14,14,0,1.0
Gerd,200,200,0,1.0
Alva,1,1,0,1.0
Torun,41,41,0,1.0
Wiveca,5,5,0,1.0
Hans-Joachim,1,0,1,0.0
Angelique,16,16,0,1.0
Anna-Charlotte,2,2,0,1.0
Minette,3,3,0,1.0
Deshira,2,2,0,1.0
Nuno,1,0,1,0.0
Sükrü,4,0,4,0.0
Cäthrin,1,1,0,1.0
Inka,1,1,0,1.0
Saed,1,0,1,0.0
Tuma,3,0,3,0.0
Edla,1,1,0,1.0
Nils-Ove,3,0,3,0.0
Jari,38,0,38,0.0
Nikolina,12,12,0,1.0
Anna-Lena,200,200,0,1.0
Raoul,2,0,2,0.0
Jan-Olof,215,0,215,0.0
Kajsa-Lena,16,16,0,1.0
Arawn,2,2,0,1.0
Nils-Arvid,1,0,1,0.0
Trång,1,0,1,0.0
Ameer,8,0,8,0.0
Isa,37,13,24,0.35135135135135137
Yosef,2,0,2,0.0
EvaLinda,1,1,0,1.0
Benito,3,0,3,0.0
Endrick,4,0,4,0.0
Daga,1,1,0,1.0
Tess,29,29,0,1.0
Kristiina,3,3,0,1.0
Anna-maria,1,1,0,1.0
Sira,2,2,0,1.0
Saber,1,0,1,0.0
Camilla,490,490,0,1.0
Annhild,1,1,0,1.0
Tori,1,1,0,1.0
Aslög,2,2,0,1.0
Branimir,3,0,3,0.0
Maj,71,71,0,1.0
Isak,86,0,86,0.0
Sewe,1,0,1,0.0
Anne-Catrine,2,2,0,1.0
Anna-Britt,3,3,0,1.0
Jimi,8,0,8,0.0
Ljubomir,2,0,2,0.0
Bengt-Olof,36,0,36,0.0
Bosse,63,0,63,0.0
L,3,0,3,0.0
Halit,38,0,38,0.0
Dragan,28,0,28,0.0
ÅsaLinnéa,6,6,0,1.0
Karin,1420,1420,0,1.0
Ezzeldin,4,0,4,0.0
Janet,44,44,0,1.0
Esteri,2,2,0,1.0
Lalla,2,2,0,1.0
Homa,4,4,0,1.0
Olav,21,0,21,0.0
AnneCatrine,3,3,0,1.0
Gretchen,7,7,0,1.0
Britten,15,15,0,1.0
Siver,1,0,1,0.0
Seida,2,2,0,1.0
Marguerite,1,1,0,1.0
Dietrich,2,0,2,0.0
Lilja,13,13,0,1.0
Per-Ragnar,2,0,2,0.0
Inge-Britt,6,6,0,1.0
Rosa-Maria,1,1,0,1.0
Manfred,3,0,3,0.0
Brigitte,11,11,0,1.0
Othman,29,0,29,0.0
Stieg,5,0,5,0.0
Karolin,2,2,0,1.0
Javad,4,0,4,0.0
Veronica,168,168,0,1.0
Pär-Ove,6,0,6,0.0
Taisto,2,0,2,0.0
Hossam,4,0,4,0.0
Stig-Ove,10,0,10,0.0
Mensur,1,0,1,0.0
Ragnwi,5,5,0,1.0
Benoit,1,0,1,0.0
Duncan,2,0,2,0.0
Tone-Rita,1,1,0,1.0
Oliver,9,0,9,0.0
Jimmy,221,0,221,0.0
Brigitta,1,1,0,1.0
Maartje,2,2,0,1.0
Onni,1,0,1,0.0
Per-G.,2,0,2,0.0
Dan-Olov,1,0,1,0.0
Bering,6,0,6,0.0
AnneMarie,1,1,0,1.0
Sirkka,10,10,0,1.0
Evanjeline,6,6,0,1.0
Georgina,2,2,0,1.0
Siv-Mari,14,14,0,1.0
Carole,1,1,0,1.0
Claes-Göran,79,0,79,0.0
Ghada,5,5,0,1.0
Ninis,4,0,4,0.0
Majlen,1,1,0,1.0
Cathrin,7,7,0,1.0
Inga-Lena,9,9,0,1.0
Jurgis,1,0,1,0.0
Margret,13,13,0,1.0
Maire,1,1,0,1.0
Christina,997,997,0,1.0
Don,4,0,4,0.0
Teija,6,6,0,1.0
Birute,1,1,0,1.0
Veli-Matti,2,0,2,0.0
Jorun,1,1,0,1.0
Mathieu,1,0,1,0.0
Sven-Inge,27,0,27,0.0
Barkat,2,0,2,0.0
Unni,8,8,0,1.0
Isabell,16,16,0,1.0
Jocke,3,0,3,0.0
Anna-Karina,4,4,0,1.0
Annsofie,10,10,0,1.0
Claes-Gunnar,1,0,1,0.0
Sait,2,0,2,0.0
Hilkka,18,18,0,1.0
Nanette,5,5,0,1.0
Maiwor,1,1,0,1.0
Nenna,8,8,0,1.0
Ivonny,1,1,0,1.0
Ibrahim,67,0,67,0.0
Gentiana,3,3,0,1.0
Arne,672,0,672,0.0
Pertti,7,0,7,0.0
Bedros,8,0,8,0.0
Christos,21,0,21,0.0
Hazze,1,0,1,0.0
Jan-Ivan,1,0,1,0.0
Arvid,41,0,41,0.0
Kaj,96,0,96,0.0
Kahtrina,1,1,0,1.0
Alrik,1,0,1,0.0
Lars-Wilhelm,1,0,1,0.0
Ceciia,1,1,0,1.0
Tuula,73,73,0,1.0
Jon-Erik,1,0,1,0.0
Östen,90,0,90,0.0
Ghuncha,1,1,0,1.0
Dejan,12,0,12,0.0
Saila,30,30,0,1.0
Tanzer,1,0,1,0.0
Othmar,1,0,1,0.0
Cornelius,1,0,1,0.0
Mozhdeh,2,2,0,1.0
Ona,1,1,0,1.0
Anito,2,0,2,0.0
Mette,7,7,0,1.0
Sheryl,2,2,0,1.0
Margarerta,2,2,0,1.0
Ester,18,18,0,1.0
Abner,1,0,1,0.0
Lars-Ola,5,0,5,0.0
Lutz,3,0,3,0.0
Naima,1,1,0,1.0
Uta,1,1,0,1.0
Per-Olof,214,0,214,0.0
Ilce,2,0,2,0.0
BrittMarie,6,6,0,1.0
Inga-Carin,12,12,0,1.0
Dagmar,21,21,0,1.0
Angel,4,0,4,0.0
ElsBritt,4,4,0,1.0
Mbarouk,4,0,4,0.0
Felicia,5,5,0,1.0
Seppi,1,0,1,0.0
Nils-Erik,74,0,74,0.0
Margith,2,2,0,1.0
Ingevald,1,0,1,0.0
Thordis,3,3,0,1.0
Felix,9,0,9,0.0
Gunila,23,23,0,1.0
Claudia,39,39,0,1.0
Henriette,2,2,0,1.0
Emanuel,44,0,44,0.0
Fabian,5,0,5,0.0
Cecilie,4,4,0,1.0
Gisela,37,37,0,1.0
Oleh,1,0,1,0.0
Faire,1,1,0,1.0
Ljubisa,1,0,1,0.0
Gia,1,1,0,1.0
Jeanette,197,197,0,1.0
Thorleif,7,0,7,0.0
Hüseyin,6,0,6,0.0
Maylis,1,1,0,1.0
Ulises,3,0,3,0.0
Bernd,15,0,15,0.0
Larissa,18,18,0,1.0
Liseloth,3,3,0,1.0
Weine,8,0,8,0.0
Lars-Willy,1,0,1,0.0
Mhano,6,0,6,0.0
Bengt-Christer,5,0,5,0.0
Chaban,1,0,1,0.0
Abderahman,2,0,2,0.0
Patricia,96,96,0,1.0
Fabiola,1,1,0,1.0
Georgos,6,0,6,0.0
Kajsa-Karin,1,1,0,1.0
Hans-Robert,6,0,6,0.0
Kurt-Ove,1,0,1,0.0
Ursula,13,13,0,1.0
Mikke,3,0,3,0.0
Ragne,1,0,1,0.0
Adham,1,0,1,0.0
Deborah,1,1,0,1.0
Afeta,3,3,0,1.0
Viggo,10,0,10,0.0
Jûrgen,2,0,2,0.0
Connie,6,6,0,1.0
Laura,28,28,0,1.0
Tibor,9,0,9,0.0
Stefanie,2,2,0,1.0
Besim,12,0,12,0.0
Irehne,3,3,0,1.0
Jila,3,3,0,1.0
Maj-Britt,117,117,0,1.0
Azeb,1,1,0,1.0
Emilie,58,58,0,1.0
Emira,2,2,0,1.0
Uhlf,3,0,3,0.0
Ingeborg,74,74,0,1.0
Jasenko,3,0,3,0.0
Kalervo,1,0,1,0.0
Wanja,12,12,0,1.0
Rabih,2,0,2,0.0
Rossana,3,3,0,1.0
Champa,1,1,0,1.0
Marielie,1,1,0,1.0
Marie-Therese,1,1,0,1.0
Lave,2,0,2,0.0
Boerje,1,0,1,0.0
Ann-Sofie,119,119,0,1.0
Eberth,1,0,1,0.0
Juris,3,0,3,0.0
Gunnar,913,0,913,0.0
Torgeir,1,0,1,0.0
Vanessa,1,1,0,1.0
Goce,1,0,1,0.0
Torgil,3,0,3,0.0
Frans,8,0,8,0.0
René,8,0,8,0.0
Abtin,4,0,4,0.0
Karolina,82,82,0,1.0
Kholod,5,5,0,1.0
Gunny,15,15,0,1.0
Jadranka,9,9,0,1.0
Arno,8,0,8,0.0
Ihsan,2,0,2,0.0
Tamas,2,0,2,0.0
Ajmal,12,0,12,0.0
Fatemeh,6,6,0,1.0
Lizette,8,8,0,1.0
AnnSofie,2,2,0,1.0
Henrieta,1,1,0,1.0
Rick,178,0,178,0.0
Delmon,1,0,1,0.0
Reidun,16,16,0,1.0
Elsa-Lill,1,1,0,1.0
Elsebeth,4,4,0,1.0
Heike,2,1,1,0.5
Delara,2,2,0,1.0
Betsy,2,2,0,1.0
Carina,875,875,0,1.0
Seare,3,0,3,0.0
Atilla,2,0,2,0.0
Silva,10,10,0,1.0
Jerzica,1,1,0,1.0
Abbe,5,0,5,0.0
Cesar,6,0,6,0.0
Selahattin,3,0,3,0.0
Yassin,7,0,7,0.0
Zophia,1,1,0,1.0
Miroslav,2,0,2,0.0
Jan-Owe,1,0,1,0.0
Bo,1452,0,1452,0.0
Bedo,3,0,3,0.0
Renèe,1,1,0,1.0
Carlolof,1,0,1,0.0
Güler,6,6,0,1.0
Jusuf,1,0,1,0.0
Wiola,1,1,0,1.0
Julieta,2,2,0,1.0
Aimo,2,0,2,0.0
Kurt,414,0,414,0.0
Fred,100,0,100,0.0
Britta,135,135,0,1.0
EmmaCharlotta,1,1,0,1.0
Sing-Britt,2,2,0,1.0
Mirjam,20,20,0,1.0
Thisbe,1,1,0,1.0
Virginia,1,1,0,1.0
Kafi,8,0,8,0.0
Randal,1,0,1,0.0
Bengt-Åke,29,0,29,0.0
Kinga,2,2,0,1.0
Hanz,1,0,1,0.0
Vibeke,4,4,0,1.0
Gunnarsson,1,0,1,0.0
Gunn-Britt,3,3,0,1.0
Mi,9,9,0,1.0
Erin,1,1,0,1.0
Isam,4,0,4,0.0
Caisa,24,24,0,1.0
Marijo,1,0,1,0.0
Per-Eric,24,0,24,0.0
Niilo,1,0,1,0.0
Leo,79,0,79,0.0
Roswitha,1,1,0,1.0
Anne-Charlotte,26,26,0,1.0
Atanasia,8,8,0,1.0
Mauritz,13,0,13,0.0
Chris,23,14,9,0.6086956521739131
Luljeta,2,2,0,1.0
Eva-Mari,1,1,0,1.0
Ambjörn,5,0,5,0.0
Emmely,3,3,0,1.0
Kalev,5,0,5,0.0
AnnaLena,3,3,0,1.0
Elis,3,0,3,0.0
Tetyana,1,1,0,1.0
Bawer,13,0,13,0.0
Kjell-David,1,0,1,0.0
Andrzej,10,0,10,0.0
Jean-Francois,8,0,8,0.0
Parvane,8,8,0,1.0
Herdis,2,2,0,1.0
Harjan,1,0,1,0.0
Aleksander,21,0,21,0.0
Yoav,13,0,13,0.0
Sigberth,1,0,1,0.0
Ingebert,1,0,1,0.0
Ingabrit,2,2,0,1.0
Shadrach,1,0,1,0.0
Gürcan,5,0,5,0.0
Ann-Magret,1,1,0,1.0
Soheila,2,2,0,1.0
Ingrid,900,900,0,1.0
Lisl,2,2,0,1.0
Abebe,6,0,6,0.0
Jan,2375,0,2375,0.0
Marian,19,19,0,1.0
Viveca,43,43,0,1.0
Lars,3463,0,3463,0.0
Hamed,2,0,2,0.0
Hilja,2,2,0,1.0
Sonny,43,0,43,0.0
Bert,93,0,93,0.0
Patricio,6,0,6,0.0
Thèrése,2,2,0,1.0
Melek,5,0,5,0.0
Lars-Eric,38,0,38,0.0
Swea,1,1,0,1.0
Roja,9,9,0,1.0
Muhamet,3,0,3,0.0
Brittmarie,4,4,0,1.0
Revocatus,1,0,1,0.0
Bengt-Ivar,12,0,12,0.0
Mårten,125,0,125,0.0
Adel,2,0,2,0.0
Alireza,10,0,10,0.0
Geerth,4,0,4,0.0
Shida,1,1,0,1.0
Sven-Axel,1,0,1,0.0
Mailis,13,13,0,1.0
Liil,2,2,0,1.0
Ann-Margarethe,10,10,0,1.0
Gerth,45,0,45,0.0
Per-Ewert,7,0,7,0.0
Carlo,2,0,2,0.0
Teodor,3,0,3,0.0
Sigurd,16,0,16,0.0
Kambiz,9,0,9,0.0
Janos,1,0,1,0.0
Clarrie,5,5,0,1.0
ViviAnne,2,2,0,1.0
Caspar,7,0,7,0.0
Ricken,1,1,0,1.0
Ianthe,10,10,0,1.0
Ardis,1,1,0,1.0
Whille,1,0,1,0.0
Pyret,2,2,0,1.0
Sahbi,2,0,2,0.0
Teuta,1,1,0,1.0
Nadia,43,43,0,1.0
Gabor,8,0,8,0.0
Riccardo,13,0,13,0.0
Irada,10,10,0,1.0
Eta,1,1,0,1.0
Ann-Lis,1,1,0,1.0
Annamaria,6,6,0,1.0
BirGitta,1,1,0,1.0
Bo-Ivar,1,0,1,0.0
Eivy,6,6,0,1.0
Fredd,4,0,4,0.0
Naeimy,7,7,0,1.0
Silvana,5,5,0,1.0
Viviann,10,10,0,1.0
Shamiram,4,4,0,1.0
Frode,10,0,10,0.0
Auri,2,2,0,1.0
Lill,25,25,0,1.0
Nanna,31,31,0,1.0
Antonella,16,16,0,1.0
Emre,2,0,2,0.0
Winnie,3,3,0,1.0
Jessi,3,3,0,1.0
Jeanine,1,1,0,1.0
Gabryjel,5,0,5,0.0
Gull-Inger,2,2,0,1.0
Kalle,149,0,149,0.0
Tuija,17,17,0,1.0
Karl-Egon,1,0,1,0.0
Nettan,1,1,0,1.0
Clas-Åke,7,0,7,0.0
Tamara,4,4,0,1.0
Alda,7,7,0,1.0
Nahid,3,3,0,1.0
Arzu,2,2,0,1.0
Carl-Bertil,9,0,9,0.0
Sven-Olof,141,0,141,0.0
Sidney,2,0,2,0.0
Karl-Axel,24,0,24,0.0
Maylie,2,2,0,1.0
Thorvald,2,0,2,0.0
Sören,327,0,327,0.0
Elisa,1,1,0,1.0
Susannah,2,2,0,1.0
Kaijsa,2,2,0,1.0
Victor,120,0,120,0.0
Lis,35,35,0,1.0
Katarzyna,3,3,0,1.0
Fouad,5,0,5,0.0
Stephan,58,0,58,0.0
Cyrus,40,0,40,0.0
Ingrid-Märta,1,1,0,1.0
Mariah,2,2,0,1.0
Etina,7,7,0,1.0
Bengt-,4,0,4,0.0
Aija,2,2,0,1.0
Nazanin,6,6,0,1.0
Konrad,31,0,31,0.0
Sven-Gunnar,24,0,24,0.0
Hars,1,0,1,0.0
Nanny,9,9,0,1.0
Arnold,165,0,165,0.0
Pernilla,258,258,0,1.0
Frey,1,0,1,0.0
Ezzedine,2,0,2,0.0
Seppo,21,0,21,0.0
Stig-Olov,7,0,7,0.0
James,31,0,31,0.0
Johnny,471,0,471,0.0
Tiina,5,5,0,1.0
Karl-Otto,25,0,25,0.0
Anthony,5,0,5,0.0
Ewelina,30,30,0,1.0
Dick,104,0,104,0.0
Clarita,3,3,0,1.0
Bength-Göran,8,0,8,0.0
Rigo,8,0,8,0.0
Pergunnar,2,0,2,0.0
Napoleon,1,0,1,0.0
Truus,1,1,0,1.0
Stefan,1544,0,1544,0.0
Gun-Maj,3,3,0,1.0
Wiktor,4,0,4,0.0
Marcel,2,0,2,0.0
Eigil,1,0,1,0.0
Gun-Britt,105,105,0,1.0
Anne-Lise,1,1,0,1.0
John-Arne,1,0,1,0.0
Myunghee,3,3,0,1.0
Elsa-Lena,5,5,0,1.0
Tyra,6,6,0,1.0
Anna-Eva,4,4,0,1.0
Edvin,55,0,55,0.0
Curt-Åke,20,0,20,0.0
Åse-Marie,2,2,0,1.0
Maj-Inger,4,4,0,1.0
May-Brith,1,1,0,1.0
Steffen,6,0,6,0.0
Antero,1,0,1,0.0
Carl-Oskar,5,0,5,0.0
Khalid,2,0,2,0.0
Lisen,15,15,0,1.0
Sefkan,2,0,2,0.0
Sam,24,0,24,0.0
Gunilla,1092,1092,0,1.0
Alfio,3,0,3,0.0
Bilal,2,0,2,0.0
Ralf,38,0,38,0.0
Silke,5,5,0,1.0
Sanny,2,0,2,0.0
Olle-Bo,2,0,2,0.0
Tryggve,13,0,13,0.0
Ernad,3,0,3,0.0
Vivian,12,12,0,1.0
Kew,2,0,2,0.0
Pär-Erik,3,0,3,0.0
Pål,19,0,19,0.0
Andrej,1,0,1,0.0
Sture,195,0,195,0.0
Monica,951,951,0,1.0
Talvi,4,4,0,1.0
Mouloud,2,0,2,0.0
Björnerik,1,0,1,0.0
Markko,5,0,5,0.0
Tuve,3,0,3,0.0
Hellin,2,2,0,1.0
Michal,12,0,12,0.0
Rahima,3,3,0,1.0
Vanusia,8,8,0,1.0
Terence,11,0,11,0.0
Wania,1,1,0,1.0
Senad,1,0,1,0.0
Raino,4,0,4,0.0
May,19,19,0,1.0
Claes-Eric,1,0,1,0.0
Mases,1,0,1,0.0
Monia,33,33,0,1.0
Mihkel,37,0,37,0.0
Kerry,2,0,2,0.0
Jouko,1,0,1,0.0
Parvin,9,9,0,1.0
Baldur,6,0,6,0.0
Malak,2,0,2,0.0
Gunnel,433,433,0,1.0
Karl-Henrik,10,0,10,0.0
Adam,113,0,113,0.0
Hampus,82,0,82,0.0
Yasmine,14,14,0,1.0
Alling,1,0,1,0.0
Alf-Magnus,1,0,1,0.0
Lenah,3,3,0,1.0
Jolanta,13,13,0,1.0
AnnKristin,7,7,0,1.0
Jackob,2,0,2,0.0
Gillis,12,0,12,0.0
Taisir,3,0,3,0.0
Göte,167,0,167,0.0
Marta-Lena,7,7,0,1.0
Bernt-Erik,12,0,12,0.0
Meskat,12,0,12,0.0
Amalia,3,3,0,1.0
Kahin,13,0,13,0.0
Amineh,4,4,0,1.0
Thorwald,22,0,22,0.0
Malene,3,3,0,1.0
Niki,2,0,2,0.0
Agnes,22,22,0,1.0
Hiwet,4,4,0,1.0
Eira,12,12,0,1.0
IngaLill,1,1,0,1.0
Annemo,1,1,0,1.0
Bendigt,5,5,0,1.0
Sebastian,352,0,352,0.0
Catherine,48,48,0,1.0
Nebi,12,0,12,0.0
Lis-Lott,1,1,0,1.0
Aggi,2,2,0,1.0
Hatige,1,1,0,1.0
Evalott,1,1,0,1.0
Criss,7,7,0,1.0
Runa-Britt,2,2,0,1.0
Rodney,10,0,10,0.0
Fermesk,4,4,0,1.0
Abdul,13,0,13,0.0
HG,1,0,1,0.0
Lars-Jonny,8,0,8,0.0
Jonna,20,20,0,1.0
Vilgoth,1,0,1,0.0
Mayvor,8,8,0,1.0
Ariano,12,0,12,0.0
Marie-Helena,144,144,0,1.0
Karl-Johan,57,0,57,0.0
Brittmari,2,2,0,1.0
Abbas,35,0,35,0.0
Vali,1,0,1,0.0
Bertzy,1,1,0,1.0
Henrik,762,0,762,0.0
Sarah,255,255,0,1.0
Kurre,1,0,1,0.0
Nermina,3,3,0,1.0
Siyamak,2,0,2,0.0
Rosanna,3,3,0,1.0
Märith,6,6,0,1.0
Carlitos,1,0,1,0.0
Gitte,1,1,0,1.0
Jamie,5,5,0,1.0
Tonka,3,3,0,1.0
Gottfrid,2,0,2,0.0
Jean-Louis,2,0,2,0.0
Nawsad,2,0,2,0.0
Sven-Gösta,1,0,1,0.0
Bedrija,1,1,0,1.0
Ricardo,35,0,35,0.0
Tina,151,151,0,1.0
Zebastian,2,0,2,0.0
Tine,6,6,0,1.0
Nikolaj,18,0,18,0.0
Bevan,8,0,8,0.0
Maalin,6,6,0,1.0
Rolf-Arne,1,0,1,0.0
Idoff,1,0,1,0.0
Carola,77,77,0,1.0
Anéa,3,3,0,1.0
Sven-Olov,50,0,50,0.0
Frankie,1,0,1,0.0
Karine,2,2,0,1.0
Hana,18,18,0,1.0
Svante,156,0,156,0.0
Alem,3,0,3,0.0
Liselotte,73,73,0,1.0
Elaine,12,12,0,1.0
Grim,2,0,2,0.0
Zymer,2,0,2,0.0
Naser,19,0,19,0.0
Per-Ivar,42,0,42,0.0
Katinka,4,4,0,1.0
Nick,10,0,10,0.0
Kata,6,6,0,1.0
Stanislav,3,0,3,0.0
Rudolf,8,0,8,0.0
Mikulas,1,0,1,0.0
Annie,35,35,0,1.0
Mohibul,16,0,16,0.0
Helly,3,3,0,1.0
Blenda,4,4,0,1.0
Senada,2,2,0,1.0
Per-Everth,1,0,1,0.0
BoAnders,1,0,1,0.0
Katherine,2,2,0,1.0
Sirage,4,0,4,0.0
Rosette,1,1,0,1.0
Serif,1,0,1,0.0
Katharina,19,19,0,1.0
Jarl,69,0,69,0.0
Gun-Lis,2,2,0,1.0
Mirza,4,0,4,0.0
Ludvig,12,0,12,0.0
Mushier,1,0,1,0.0
Per-Gunnar,41,0,41,0.0
Myrthel,7,7,0,1.0
Birgitte,4,4,0,1.0
Nikola,15,0,15,0.0
Kornelia,5,5,0,1.0
Ruth-Marie,1,1,0,1.0
Azar,7,7,0,1.0
Bength,1,0,1,0.0
Jimmie,132,0,132,0.0
Nihada,1,1,0,1.0
Annita,7,7,0,1.0
Solwej,1,1,0,1.0
Hugo,66,0,66,0.0
Siwert,1,0,1,0.0
Mulham,3,0,3,0.0
Joaquina,1,1,0,1.0
Julie,5,5,0,1.0
P-O,7,0,7,0.0
Catja,2,2,0,1.0
Izza,1,0,1,0.0
Lissie,1,1,0,1.0
Nazli,12,12,0,1.0
Niklas,364,0,364,0.0
Seved,9,0,9,0.0
Tonny,10,0,10,0.0
Leandro,2,0,2,0.0
Wolfgang,8,0,8,0.0
Synnöve,2,2,0,1.0
Helli,2,2,0,1.0
Ingvild,3,3,0,1.0
Zia,1,0,1,0.0
Julija,6,6,0,1.0
Mina,5,5,0,1.0
Iman,2,2,0,1.0
Raza,2,2,0,1.0
Irja,18,18,0,1.0
Mehmed,3,0,3,0.0
Stanislaw,7,0,7,0.0
Ruthine,2,2,0,1.0
Gjertrud,1,1,0,1.0
Annagreta,2,2,0,1.0
Djelil,2,0,2,0.0
Anett,3,3,0,1.0
Kijan,3,3,0,1.0
Ejup,2,0,2,0.0
Phillip,3,0,3,0.0
Märit,15,15,0,1.0
Lars-Olle,3,0,3,0.0
Aboud,2,0,2,0.0
Afrim,1,0,1,0.0
Rike,1,0,1,0.0
Valentina,20,20,0,1.0
Armand,1,0,1,0.0
Eie,6,0,6,0.0
Bengt-Eric,9,0,9,0.0
Anna-Maj,1,1,0,1.0
Ulla-Beth,5,5,0,1.0
Carl-Magnus,15,0,15,0.0
Emmanuel,12,0,12,0.0
Asieh,4,4,0,1.0
Robert,750,0,750,0.0
Lucia,50,50,0,1.0
Stein,1,0,1,0.0
Petra,330,330,0,1.0
Britha,1,1,0,1.0
Marjetta,1,1,0,1.0
Pär-Inge,4,0,4,0.0
Mehran,1,0,1,0.0
Annacarin,20,20,0,1.0
Eva-Mi,1,1,0,1.0
Bouchra,2,2,0,1.0
Morgan,140,0,140,0.0
Jean,45,3,42,0.06666666666666667
Hjördis,34,34,0,1.0
Jan-Olov,46,0,46,0.0
Per-Martin,9,0,9,0.0
Crister,20,0,20,0.0
Tone,4,4,0,1.0
Alvaro,3,0,3,0.0
Matias,8,0,8,0.0
Achmed,2,0,2,0.0
Lillian,19,19,0,1.0
Gabrijela,1,1,0,1.0
Rahifé,2,2,0,1.0
Nouri,2,0,2,0.0
Evin,7,7,0,1.0
Sol-Britt,3,3,0,1.0
Per-Olov,40,0,40,0.0
Marie,995,995,0,1.0
Bill,42,0,42,0.0
Leine,7,0,7,0.0
Lasse,143,0,143,0.0
Preben,23,0,23,0.0
Bror-Tommy,22,0,22,0.0
Elsie-Marie,5,5,0,1.0
Anne-May,1,1,0,1.0
Arnela,2,2,0,1.0
Jytte,11,11,0,1.0
Birgittha,8,8,0,1.0
Lovisa,41,41,0,1.0
Béatrice,2,2,0,1.0
Migelle,7,0,7,0.0
Irina,33,33,0,1.0
Såma,1,1,0,1.0
Mani,3,0,3,0.0
Nils-Arne,7,0,7,0.0
Brittsiv,2,2,0,1.0
Christer,1288,0,1288,0.0
Lorents,2,0,2,0.0
Romeo,4,0,4,0.0
Torben,39,0,39,0.0
Naita,1,1,0,1.0
Yonnie,1,1,0,1.0
Kent-Olov,1,0,1,0.0
Ulla-Birgitta,1,1,0,1.0
Bassam,2,0,2,0.0
Sune,233,0,233,0.0
Jahja,4,0,4,0.0
Abdolhossein,2,0,2,0.0
Andrea,38,31,7,0.8157894736842105
Vivi-Ann,6,6,0,1.0
Hatun,7,7,0,1.0
Ann-Christin,183,183,0,1.0
Clifford,1,0,1,0.0
Fehret,4,0,4,0.0
Roya,43,43,0,1.0
Francisco,12,0,12,0.0
Majvi,15,15,0,1.0
Jorma,2,0,2,0.0
Micha,9,0,9,0.0
Jan-Eric,40,0,40,0.0
Efkan,2,0,2,0.0
Loretta,2,2,0,1.0
Emperatriz,2,2,0,1.0
Sandor,14,0,14,0.0
Terezija,2,2,0,1.0
Fritz,9,0,9,0.0
Hadi,4,0,4,0.0
Anjelica,4,4,0,1.0
Nils-Fredrik,3,0,3,0.0
Julio,4,0,4,0.0
Pietro,15,0,15,0.0
Djoan,2,2,0,1.0
Annicka,59,59,0,1.0
Awara,4,0,4,0.0
Anna-Caren,2,2,0,1.0
Rahim,2,0,2,0.0
Aliki,1,1,0,1.0
Torkel,8,0,8,0.0
Maka,2,2,0,1.0
Moniqa,1,1,0,1.0
Samim,2,0,2,0.0
AnneMari,1,1,0,1.0
Borcic,2,0,2,0.0
Hamide,2,2,0,1.0
Mari-Ann,6,6,0,1.0
Weikko,1,0,1,0.0
Bruno,103,0,103,0.0
Vega,1,1,0,1.0
Indranie,4,4,0,1.0
Thelma,4,4,0,1.0
Norma,15,15,0,1.0
Karlolof,7,0,7,0.0
Resad,8,0,8,0.0
Bengt-Lennart,9,0,9,0.0
Eije,5,0,5,0.0
Ayse,2,2,0,1.0
Björn-Inge,2,0,2,0.0
Federico,1,0,1,0.0
Eric,196,0,196,0.0
Asli,4,4,0,1.0
Jannicke,26,26,0,1.0
Claes-Uno,5,0,5,0.0
Stig-Åke,4,0,4,0.0
Ladislav,2,0,2,0.0
Ahmed,47,0,47,0.0
Abdulkadir,22,0,22,0.0
Per-Egon,1,0,1,0.0
Henric,30,0,30,0.0
Ulla-Maj,6,6,0,1.0
Pell-Uno,8,0,8,0.0
Mats-Uno,2,0,2,0.0
Sarmad,3,0,3,0.0
Arijana,1,1,0,1.0
Lesly,2,2,0,1.0
Sarkis,3,0,3,0.0
Alinda,3,3,0,1.0
Ababacarr,6,0,6,0.0
Gulvayar,1,1,0,1.0
Noomi,22,22,0,1.0
Montaser,3,0,3,0.0
Göthe,5,0,5,0.0
Ulla-Britta,2,2,0,1.0
Gregor,9,0,9,0.0
Ginn,2,2,0,1.0
Carolin,6,6,0,1.0
Raouf,2,0,2,0.0
Mathias,169,0,169,0.0
Tatjana,1,1,0,1.0
Joar,8,0,8,0.0
Inga-Stina,8,8,0,1.0
Payam,3,0,3,0.0
Saimi,1,1,0,1.0
Tifa,1,1,0,1.0
Pia-Lill,1,1,0,1.0
Micke,4,0,4,0.0
Kadem,1,0,1,0.0
Sanna,154,154,0,1.0
Sigbrit,12,12,0,1.0
Zabhina,3,3,0,1.0
Gulnar,4,4,0,1.0
Eva-Marie,21,21,0,1.0
Gun-Inger,9,9,0,1.0
Ben-Alve,1,0,1,0.0
Gerty,12,12,0,1.0
Namik,1,0,1,0.0
Algot,1,0,1,0.0
Royce,12,0,12,0.0
Anowar,3,0,3,0.0
Reidor,2,0,2,0.0
Berivan,2,2,0,1.0
Per-Erik,103,0,103,0.0
Kent-Olof,5,0,5,0.0
Virpi,47,47,0,1.0
Fatime,3,3,0,1.0
Arja,18,18,0,1.0
Pieternella,1,1,0,1.0
Fazil,2,0,2,0.0
Wais,3,0,3,0.0
Rubin,1,0,1,0.0
Madeléne,16,16,0,1.0
Falco,9,0,9,0.0
Cilla,2,2,0,1.0
Ingridh,6,6,0,1.0
Sulev,1,0,1,0.0
Zelal,12,12,0,1.0
Lilli-Ann,2,2,0,1.0
Orlando,4,0,4,0.0
Sabina,46,46,0,1.0
Nille,32,0,32,0.0
Dorothy,11,11,0,1.0
Lorita,1,1,0,1.0
Svenne,1,0,1,0.0
Rainer,8,0,8,0.0
Ingmari,12,12,0,1.0
Fardin,7,0,7,0.0
Odet,1,1,0,1.0
Gunlis,2,2,0,1.0
El-Hawari,1,0,1,0.0
Acko,12,9,3,0.75
Nevrie,6,6,0,1.0
Emmy,10,10,0,1.0
Louisa,4,4,0,1.0
MaiBritt,2,2,0,1.0
Brodde,2,0,2,0.0
La,6,6,0,1.0
Sherif,2,0,2,0.0
Arild,8,0,8,0.0
Mohammed,33,0,33,0.0
Mirian,34,34,0,1.0
Riitta-Liisa,2,2,0,1.0
Jihad,4,0,4,0.0
Angelie,1,1,0,1.0
Gerrit,9,0,9,0.0
Pirjo,52,52,0,1.0
Torbritt,1,1,0,1.0
Madeleine,270,270,0,1.0
Thor-Björn,3,0,3,0.0
Isa-Susanne,1,1,0,1.0
Mona,366,366,0,1.0
Solfrid,2,2,0,1.0
Mirzet,4,0,4,0.0
Thobias,8,0,8,0.0
Dobrivoje,1,0,1,0.0
Svenny,8,0,8,0.0
Efat,5,5,0,1.0
Ingbritt,58,58,0,1.0
Marcelo,4,0,4,0.0
Curt,153,0,153,0.0
Qalinle,4,0,4,0.0
Nafi,2,0,2,0.0
Antoine,3,0,3,0.0
Ulla-Stina,6,6,0,1.0
Tero,1,0,1,0.0
Nazmiye,3,3,0,1.0
Tara,10,10,0,1.0
Malkiat,2,0,2,0.0
Veera,153,153,0,1.0
Irène,4,4,0,1.0
Mae,1,1,0,1.0
Sameer,4,0,4,0.0
Olah,2,0,2,0.0
Sahir,15,0,15,0.0
Göran,1536,0,1536,0.0
Whashin,1,1,0,1.0
Micael,64,0,64,0.0
Ivana,4,4,0,1.0
Hélène,14,14,0,1.0
Wolmar,5,0,5,0.0
Jarmo,7,3,4,0.42857142857142855
Ulla-Maja,3,3,0,1.0
Anki,46,46,0,1.0
Milad,2,0,2,0.0
Sindet,4,4,0,1.0
Thorsten,29,0,29,0.0
Britt-Mari,50,50,0,1.0
Wailith,2,2,0,1.0
Maikel,2,0,2,0.0
Galina,19,19,0,1.0
Haakon,1,0,1,0.0
Flerida,2,2,0,1.0
Gun,485,485,0,1.0
Anny,3,3,0,1.0
Gusten,2,0,2,0.0
Mauricio,4,0,4,0.0
Sven,845,0,845,0.0
Solvig,12,12,0,1.0
Abubakr,1,0,1,0.0
Zehaie,2,0,2,0.0
Majeed,1,0,1,0.0
Claës-L,6,0,6,0.0
Pål-Örjan,1,0,1,0.0
Gyny,3,3,0,1.0
Signar,2,0,2,0.0
Ljabinot,2,0,2,0.0
Fia,2,2,0,1.0
Liv,20,20,0,1.0
Andréa,12,12,0,1.0
Anna-Kay,1,1,0,1.0
Ariane,6,6,0,1.0
Ingun,2,2,0,1.0
Hamrin,2,2,0,1.0
Ruth,74,74,0,1.0
Per-Johan,13,0,13,0.0
Björg,14,14,0,1.0
Brusk,2,0,2,0.0
Hind,4,4,0,1.0
Hannah,61,61,0,1.0
Lars-Gustaf,3,0,3,0.0
Sylve,3,0,3,0.0
Jan-Åke,141,0,141,0.0
Steve,9,0,9,0.0
Valeria,9,9,0,1.0
Lars-Håkan,9,0,9,0.0
Cattis,1,1,0,1.0
Ulrika,646,646,0,1.0
Verena,1,1,0,1.0
Aliyev,1,0,1,0.0
Lotta,402,402,0,1.0
Ruben,12,0,12,0.0
Albulena,1,1,0,1.0
Iwan,2,0,2,0.0
Bengt-Gustaf,2,0,2,0.0
Jiri,4,0,4,0.0
Kelly,3,3,0,1.0
Marléne,15,15,0,1.0
Rein,9,0,9,0.0
Arvo,10,0,10,0.0
Eliisa,16,16,0,1.0
Jan-Ebbe,1,0,1,0.0
Roni,1,0,1,0.0
Peter-Jörgen,1,0,1,0.0
Rebecka,107,107,0,1.0
Heidi,41,41,0,1.0
Tarmo,2,0,2,0.0
Mats-Erik,3,0,3,0.0
Larisa,2,2,0,1.0
Qarina,2,2,0,1.0
Elwira,1,1,0,1.0
Paulina,52,52,0,1.0
Kitty,8,8,0,1.0
Per-Åke,75,0,75,0.0
Karl-Eric,3,0,3,0.0
Hagart,1,0,1,0.0
Zehra,1,1,0,1.0
Ulrike,6,6,0,1.0
Pamela,32,32,0,1.0
Maxwell,2,0,2,0.0
Paul,348,0,348,0.0
Nils-Bertil,9,0,9,0.0
Teresa,11,11,0,1.0
Amela,9,9,0,1.0
Elek,3,0,3,0.0
Fayez,2,0,2,0.0
Jon,218,0,218,0.0
Farrokh,6,0,6,0.0
Kåre,5,0,5,0.0
Janette,12,12,0,1.0
Maths,16,0,16,0.0
Amy,5,5,0,1.0
Ann-Charlotte,172,172,0,1.0
Bahaddin,2,0,2,0.0
Björn-Erik,4,0,4,0.0
Andres,5,0,5,0.0
Moradi,3,3,0,1.0
Sven-Roland,7,0,7,0.0
Somayeh,4,4,0,1.0
Parwana,1,1,0,1.0
Ing-Britt,59,59,0,1.0
Clarry,1,1,0,1.0
Gabriela,8,8,0,1.0
Sandrina,2,2,0,1.0
Uuno,6,0,6,0.0
Alice,35,35,0,1.0
Sölve,9,0,9,0.0
Ricard,11,0,11,0.0
Natasa,3,3,0,1.0
Adéle,4,4,0,1.0
Palle,3,0,3,0.0
Tommie,43,0,43,0.0
Eva-Kristina,7,7,0,1.0
Swapna,14,14,0,1.0
Per-Enar,7,0,7,0.0
Muntazar,1,0,1,0.0
Desirée,13,13,0,1.0
Gustaf,167,0,167,0.0
Kurt-Erik,1,0,1,0.0
Monique,15,15,0,1.0
Lise,29,29,0,1.0
June,7,7,0,1.0
Edin,1,0,1,0.0
Hajrudin,7,0,7,0.0
Henryk,1,0,1,0.0
Abit,6,0,6,0.0
Filippa,27,27,0,1.0
Olame,1,1,0,1.0
Mahari,3,0,3,0.0
Auli,1,1,0,1.0
Wiwiann,7,7,0,1.0
Bengt-Göran,50,0,50,0.0
Myr,7,0,7,0.0
Knut-Arne,2,0,2,0.0
Waldemar,7,0,7,0.0
Fottios,1,0,1,0.0
Taslima,1,1,0,1.0
Seydou,9,0,9,0.0
Nyamko,1,1,0,1.0
Poul-Erik,3,0,3,0.0
Fayete,3,0,3,0.0
Ritta,1,1,0,1.0
Kali,14,14,0,1.0
Bünyamin,2,0,2,0.0
Arved,2,0,2,0.0
Eyvor,2,2,0,1.0
Lillie,3,3,0,1.0
Lenor,6,6,0,1.0
Bim,5,5,0,1.0
Madelen,6,6,0,1.0
Sanaa,1,1,0,1.0
Rågher,7,0,7,0.0
Nils-Wåge,1,0,1,0.0
Tanita,2,2,0,1.0
Adolph,1,0,1,0.0
Shafqat,14,0,14,0.0
Przemek,4,0,4,0.0
Robin,190,0,190,0.0
Eleonora,16,16,0,1.0
Ilpo,1,0,1,0.0
Måns,33,0,33,0.0
Eiwor,13,13,0,1.0
Birte,7,7,0,1.0
Tormod,1,0,1,0.0
Priscilda,8,8,0,1.0
Habtom,1,0,1,0.0
Malika,3,3,0,1.0
Majid,1,0,1,0.0
Joakim,541,0,541,0.0
Mirzeta,9,9,0,1.0
Ouro-Nimini,6,0,6,0.0
Matz,49,0,49,0.0
Ellie,8,8,0,1.0
Ingabritt,1,1,0,1.0
Angelica,87,87,0,1.0
Margareta,1127,1127,0,1.0
Kurth,5,0,5,0.0
Radojka,2,2,0,1.0
Stina-Kajsa,1,1,0,1.0
Taffere,1,0,1,0.0
Marja,195,195,0,1.0
Armi,1,1,0,1.0
Merjem,2,2,0,1.0
Therése,84,84,0,1.0
Reine,33,12,21,0.36363636363636365
Lisa,214,214,0,1.0
Chalmar,1,0,1,0.0
Hayden,5,0,5,0.0
Thorbjörn,168,0,168,0.0
Jan-Uno,7,0,7,0.0
Lizian,2,2,0,1.0
Nora,10,10,0,1.0
Kari,31,23,8,0.7419354838709677
Abo,4,0,4,0.0
Hayse,8,0,8,0.0
Nils-Tommy,1,0,1,0.0
Eaglesun,1,1,0,1.0
Saga,18,18,0,1.0
Rainor,1,0,1,0.0
Makan,3,0,3,0.0
Bärthil,2,0,2,0.0
Roy,60,0,60,0.0
Evelin,2,2,0,1.0
Jette,8,8,0,1.0
Arthur,4,0,4,0.0
Simonetta,1,1,0,1.0
Ib,1,0,1,0.0
Birgitha,4,4,0,1.0
Amjad,1,0,1,0.0
Anker,22,0,22,0.0
Faramarz,12,0,12,0.0
Freja,1,1,0,1.0
Augin,1,0,1,0.0
Anna-Stina,35,35,0,1.0
Suzana,3,3,0,1.0
Kaj-Eve,8,0,8,0.0
Désirée,28,28,0,1.0
Kjartan,2,0,2,0.0
Inge-Gerd,2,2,0,1.0
Habib,8,0,8,0.0
JG,5,0,5,0.0
Inga-Greta,1,1,0,1.0
Ghalia,6,6,0,1.0
Leiph,6,0,6,0.0
Lena-Maria,10,10,0,1.0
Almir,4,0,4,0.0
Tor,29,0,29,0.0
Birgir,9,0,9,0.0
Adem,2,0,2,0.0
Lárus,3,0,3,0.0
Kassandra,1,1,0,1.0
Mikal,1,0,1,0.0
Donny,1,0,1,0.0
Gunn-Marie,1,1,0,1.0
Weiner,1,0,1,0.0
Lola,15,15,0,1.0
Marcelle,3,3,0,1.0
Manuel,38,0,38,0.0
Caritha,6,6,0,1.0
Khenny,2,0,2,0.0
Mitra,6,6,0,1.0
Tallat,2,0,2,0.0
Ahad,1,0,1,0.0
Didier,2,0,2,0.0
Rebwar,145,0,145,0.0
Georgios,6,0,6,0.0
Noha,4,4,0,1.0
Novak,2,0,2,0.0
Cvijeta,27,27,0,1.0
Sabine,23,23,0,1.0
Inge,158,1,157,0.006329113924050633
Mika,23,0,23,0.0
Ludmilla,1,1,0,1.0
Isabella,67,67,0,1.0
Bijan,9,0,9,0.0
Basit,12,0,12,0.0
Anna-Kajsa,8,8,0,1.0
Franklin,8,0,8,0.0
Sten-Ira,5,0,5,0.0
Boye,1,0,1,0.0
Liz-Beth,1,1,0,1.0
T,1,0,1,0.0
Vilma,14,14,0,1.0
Abdisalam,2,0,2,0.0
Ninni,13,13,0,1.0
Abrecha,2,2,0,1.0
Anja,59,59,0,1.0
Olle,428,0,428,0.0
Marcin,17,0,17,0.0
Ama,1,1,0,1.0
Ilan,10,0,10,0.0
Hans-Olle,1,0,1,0.0
Viktoria,53,53,0,1.0
Wahlmy,1,1,0,1.0
Gunvi,5,5,0,1.0
Kjell-Åke,59,0,59,0.0
Muhammed,11,0,11,0.0
Pablo,30,0,30,0.0
Helmer,3,0,3,0.0
Marica,13,13,0,1.0
Tommi,15,0,15,0.0
Guy,23,0,23,0.0
Agnar,2,0,2,0.0
Elvi,7,7,0,1.0
Rode,8,8,0,1.0
Catarina,181,181,0,1.0
Erja,1,1,0,1.0
Björn-Åke,6,0,6,0.0
Katariina,7,7,0,1.0
Hannie,8,8,0,1.0
Bjarnette,7,7,0,1.0
Claes-Åke,4,0,4,0.0
Pehr-Martin,2,0,2,0.0
Sofia,279,279,0,1.0
Vincent,3,0,3,0.0
Zeth,4,0,4,0.0
Donatella,1,1,0,1.0
Kochar,7,7,0,1.0
Samia,6,6,0,1.0
Guillermo,1,0,1,0.0
Carlgunnar,1,0,1,0.0
Imad,2,0,2,0.0
Ulric,28,0,28,0.0
Frank,61,0,61,0.0
Otti,2,2,0,1.0
Claudio,20,0,20,0.0
Edvina,1,1,0,1.0
Ewa-Marie,6,6,0,1.0
Ilir,1,0,1,0.0
Mariya,4,4,0,1.0
Mildred,8,8,0,1.0
Maj-Lis,36,36,0,1.0
Kristine,10,10,0,1.0
Brittinger,4,4,0,1.0
Annakarin,3,3,0,1.0
Murad,4,0,4,0.0
Annemaj,3,3,0,1.0
Eraslan,2,0,2,0.0
KarlErik,2,0,2,0.0
Knut,52,0,52,0.0
Moa,41,41,0,1.0
Carl-Georg,6,0,6,0.0
Turid,4,4,0,1.0
Chen,4,0,4,0.0
Adrian,50,0,50,0.0
Sigvard,83,0,83,0.0
Gunno,4,0,4,0.0
Jens,238,0,238,0.0
Björnove,6,0,6,0.0
Alfonso,19,0,19,0.0
Ene,6,6,0,1.0
Inga,214,213,1,0.9953271028037384
Mehdiye,2,2,0,1.0
Christoffer,191,0,191,0.0
Nils-Åke,24,0,24,0.0
Rickert,2,0,2,0.0
Phoonsuk,1,1,0,1.0
Lucie,2,2,0,1.0
Ylva,249,249,0,1.0
Fata,1,1,0,1.0
Barry,8,0,8,0.0
Wycliffe,3,0,3,0.0
Haidie,4,4,0,1.0
Ulla-Kerstin,2,2,0,1.0
Ariella,5,5,0,1.0
Vagn,2,0,2,0.0
Oliwer,8,0,8,0.0
Rushdi,1,0,1,0.0
Carla,4,4,0,1.0
Britt-Louise,20,20,0,1.0
Moise,1,0,1,0.0
Dag-Eilert,1,0,1,0.0
Natalja,6,6,0,1.0
Lage,17,0,17,0.0
Sylvi,3,3,0,1.0
Eva-Karin,53,53,0,1.0
Elsie-Britt,2,2,0,1.0
Inayat,1,0,1,0.0
Essam,9,0,9,0.0
Drammeh,1,0,1,0.0
Lars-Olof,149,0,149,0.0
Andreas,945,0,945,0.0
Rex,1,0,1,0.0
Germán,1,0,1,0.0
Berthold,12,0,12,0.0
Elise,69,69,0,1.0
Mats-Gunnar,8,0,8,0.0
Gunnie,2,2,0,1.0
Eber,3,0,3,0.0
Terése,1,1,0,1.0
Shashi,2,0,2,0.0
Eje,54,0,54,0.0
Zaida,37,37,0,1.0
Tony,308,1,307,0.003246753246753247
Dietmar,3,0,3,0.0
Jabar,3,0,3,0.0
Centh,1,0,1,0.0
Shahnaz,2,2,0,1.0
Asim,3,0,3,0.0
Lars-Johan,19,0,19,0.0
Paraskevi,12,12,0,1.0
Olli,8,0,8,0.0
Bobo,1,0,1,0.0
Karl-Olof,6,0,6,0.0
Rodrigo,15,0,15,0.0
Bent,3,0,3,0.0
Ingar,3,3,0,1.0
Sirvan,1,0,1,0.0
Nikoletta,2,2,0,1.0
Ann-Helené,1,1,0,1.0
Lucas,25,0,25,0.0
Marvin,4,0,4,0.0
Kalevi,4,0,4,0.0
Ida-Therese,6,6,0,1.0
Refik,2,0,2,0.0
Hilde,5,5,0,1.0
Stig-Rune,2,0,2,0.0
Nalle,2,0,2,0.0
Nobuaki,3,0,3,0.0
Orvar,37,0,37,0.0
Elnaz,4,4,0,1.0
Lars-Magnus,18,0,18,0.0
Eva-Christine,3,3,0,1.0
Turi,1,1,0,1.0
Arto,3,0,3,0.0
Izet,3,0,3,0.0
Amira,2,2,0,1.0
HåGe,9,0,9,0.0
Phär,1,0,1,0.0
Samad,10,0,10,0.0
Jannie,1,1,0,1.0
Brahim,1,0,1,0.0
Perarne,11,0,11,0.0
Enar,6,0,6,0.0
Mariana,70,70,0,1.0
Eva,1889,1889,0,1.0
Aslan,6,0,6,0.0
Ann-Catrin,64,64,0,1.0
Nena,7,7,0,1.0
Czeslawa,1,1,0,1.0
Huda,1,1,0,1.0
Callisto,4,4,0,1.0
Linnea,72,72,0,1.0
Aphram,3,0,3,0.0
Bo-Hilmer,10,0,10,0.0
Dag,196,0,196,0.0
Per-Olow,8,0,8,0.0
Oskar,163,0,163,0.0
Olivier,1,0,1,0.0
Bernhard,55,0,55,0.0
Johakim,2,0,2,0.0
Jonatan,87,0,87,0.0
Edwin,2,0,2,0.0
Can,1,0,1,0.0
Hubert,4,0,4,0.0
Charlie,59,0,59,0.0
Maggie,3,3,0,1.0
Mir,4,0,4,0.0
Lorin,1,0,1,0.0
Massi,1,0,1,0.0
Gamnis,2,0,2,0.0
Manoocher,31,0,31,0.0
Björn-Owe,1,0,1,0.0
Alicia,6,6,0,1.0
Gunni,8,8,0,1.0
Ginger,10,10,0,1.0
Francis,2,0,2,0.0
Arianne,8,8,0,1.0
Ann-Kristin,74,74,0,1.0
Ankie,16,16,0,1.0
Emile,3,0,3,0.0
Bino,3,0,3,0.0
Mahmut,2,0,2,0.0
Bajwa,7,7,0,1.0
RosMari,1,1,0,1.0
Konstantinos,2,0,2,0.0
Rabie,1,0,1,0.0
Sadia,33,33,0,1.0
Gördis,1,1,0,1.0
Kate,4,4,0,1.0
Tor-Erik,1,0,1,0.0
Tevfik,7,0,7,0.0
Sten-Åke,18,0,18,0.0
UllaBritt,14,14,0,1.0
Jerker,130,0,130,0.0
Aso,6,0,6,0.0
Kamar,2,0,2,0.0
Lina,199,199,0,1.0
Marianne,779,779,0,1.0
Herbie,2,0,2,0.0
Zamira,4,4,0,1.0
Linus,117,0,117,0.0
Royne,6,0,6,0.0
Nicolas,4,0,4,0.0
Stefania,1,1,0,1.0
Harriet,81,81,0,1.0
Elisabeth,945,945,0,1.0
Kader,2,0,2,0.0
Malin,605,605,0,1.0
Camille,1,0,1,0.0
Lothar,2,0,2,0.0
Vivi,19,19,0,1.0
Villy,5,0,5,0.0
Ingalisa,1,1,0,1.0
Rickhard,6,0,6,0.0
Stigh,3,0,3,0.0
Wimar,2,0,2,0.0
Wenche,1,1,0,1.0
Brita,120,120,0,1.0
Arnstein,3,0,3,0.0
Eva-Gun,1,1,0,1.0
Thoralf,43,0,43,0.0
Gina,34,34,0,1.0
Sri,1,1,0,1.0
Tor-Björn,3,0,3,0.0
Susana,2,2,0,1.0
Ewa-Rosa,1,1,0,1.0
Cary,2,0,2,0.0
Oiva,6,0,6,0.0
Erszébet,4,4,0,1.0
Ardavan,9,0,9,0.0
Maria,2051,2051,0,1.0
Mahmud,1,0,1,0.0
Carl-Axel,28,0,28,0.0
Ted,57,0,57,0.0
Jaqueline,4,4,0,1.0
Jessicka,6,6,0,1.0
Ivo,38,0,38,0.0
Nicola,8,5,3,0.625
Maurits,1,0,1,0.0
K.,7,0,7,0.0
Gustav-Adolf,1,0,1,0.0
Gopakumar,1,0,1,0.0
Ari,10,0,10,0.0
Muammer,1,0,1,0.0
Pereric,2,0,2,0.0
Gullvi,23,23,0,1.0
Nicole,27,27,0,1.0
PA,2,0,2,0.0
Rob,3,0,3,0.0
Ann-Jeanette,2,2,0,1.0
Margaret,9,9,0,1.0
Toms,14,0,14,0.0
LiseLotte,2,2,0,1.0
Selina,2,2,0,1.0
Gunwald,1,0,1,0.0
Pia-Maria,16,16,0,1.0
Jimmi,7,0,7,0.0
Faid,12,0,12,0.0
Tobbe,1,0,1,0.0
Younas,12,0,12,0.0
Eilif,1,0,1,0.0
Julia,136,136,0,1.0
Dhan,11,0,11,0.0
Ann-Margret,66,66,0,1.0
Fatia,2,2,0,1.0
Stern,1,0,1,0.0
Wigardt,1,0,1,0.0
Beatriz,3,3,0,1.0
Priya,6,6,0,1.0
Rie,3,3,0,1.0
Bea,3,3,0,1.0
Sveza,6,6,0,1.0
Jill,57,57,0,1.0
Gunhild,40,40,0,1.0
Aneta,1,1,0,1.0
Jacques,2,0,2,0.0
Putte,1,0,1,0.0
Siegfried,2,0,2,0.0
Sivert,50,0,50,0.0
Shawqi,4,0,4,0.0
Martha,19,19,0,1.0
Milica,3,3,0,1.0
Kaarina,43,43,0,1.0
Povel,4,0,4,0.0
Dzenita,3,3,0,1.0
Dan-Ove,4,0,4,0.0
Gert-Inge,7,0,7,0.0
Bonnie,9,9,0,1.0
Gizela,13,13,0,1.0
Dehqanzai,4,0,4,0.0
Sana,3,3,0,1.0
Corry,2,0,2,0.0
Elvira,13,13,0,1.0
Vida,5,5,0,1.0
Janneth,5,5,0,1.0
Alf,269,0,269,0.0
Edna,12,12,0,1.0
Ida,189,189,0,1.0
Katrin,46,46,0,1.0
Wille,2,0,2,0.0
Xenia,1,1,0,1.0
Eva-Mai,1,1,0,1.0
Mara,1,1,0,1.0
Ishak,5,0,5,0.0
Svenolov,2,0,2,0.0
Onny,1,0,1,0.0
Linda-Marie,3,3,0,1.0
Elaiza,2,2,0,1.0
Lars-Ove,60,0,60,0.0
Liza-Maria,5,5,0,1.0
Patrik,721,0,721,0.0
Pelle,40,0,40,0.0
Maarten,1,0,1,0.0
Tord,164,0,164,0.0
Brit,4,4,0,1.0
Lars-Owe,2,0,2,0.0
Erlinda,7,7,0,1.0
Mikael,1759,0,1759,0.0
Spiris,1,1,0,1.0
Annmari,8,8,0,1.0
Sholle,2,2,0,1.0
Zarah,6,6,0,1.0
Thyra,1,1,0,1.0
Pauli,10,0,10,0.0
Jan-Inge,5,0,5,0.0
Timo,18,0,18,0.0
Tomas,912,0,912,0.0
Marzavan,1,0,1,0.0
Annsofi,7,7,0,1.0
Elisabet,149,149,0,1.0
Delmaree,2,2,0,1.0
Karl-Gustav,60,0,60,0.0
Ebon,2,2,0,1.0
Iby,1,1,0,1.0
Alvar,12,0,12,0.0
Meit,4,4,0,1.0
Heléna,5,5,0,1.0
Nils-Göran,19,0,19,0.0
Stefaan,3,0,3,0.0
Lars-Göte,3,0,3,0.0
Stette,1,0,1,0.0
Dalala,3,3,0,1.0
Eeva,16,16,0,1.0
Johannes,162,0,162,0.0
Amir,40,0,40,0.0
Amaya,3,3,0,1.0
Kerstin,1400,1400,0,1.0
Elsie,21,21,0,1.0
Kjell-Erik,33,0,33,0.0
Dan,494,0,494,0.0
Leslie,5,0,5,0.0
Rodolfo,2,0,2,0.0
Isabelle,18,18,0,1.0
Karl-Uno,1,0,1,0.0
Gullmar,19,0,19,0.0
Uolevi,2,0,2,0.0
Tekle,3,0,3,0.0
Zalim,7,0,7,0.0
Tauno,7,0,7,0.0
Hector,10,0,10,0.0
Vidar,7,0,7,0.0
Mille,1,0,1,0.0
Orlinda,2,2,0,1.0
Salme,1,1,0,1.0
Kristofer,73,0,73,0.0
Brith-Louise,1,1,0,1.0
Gyrith,6,6,0,1.0
Minna,10,10,0,1.0
Asema,1,1,0,1.0
Yoonis,2,0,2,0.0
Biserka,2,2,0,1.0
JanÅge,6,0,6,0.0
Görsev,7,7,0,1.0
Denana,2,2,0,1.0
Datevig,7,7,0,1.0
Per-Axel,7,0,7,0.0
Dan-Åke,11,0,11,0.0
Yrjö,2,0,2,0.0
Sipal,5,5,0,1.0
Francois,1,0,1,0.0
Gabrielle,8,8,0,1.0
Awad,182,0,182,0.0
Liisa,11,11,0,1.0
Ariana,2,2,0,1.0
Anne,283,283,0,1.0
Bert-Göte,1,0,1,0.0
Anna-Clara,3,3,0,1.0
Eddie,39,0,39,0.0
Reino,22,0,22,0.0
Truls,1,0,1,0.0
Eike,4,0,4,0.0
Hans-Carl,5,0,5,0.0
Ghlenn,1,0,1,0.0
Gottner,2,0,2,0.0
Gunbritt,15,15,0,1.0
AnnLouise,2,2,0,1.0
Osmo,2,0,2,0.0
Johnolov,1,0,1,0.0
Günther,1,0,1,0.0
Cornelis,2,0,2,0.0
Aatos,2,0,2,0.0
Hans-,1,0,1,0.0
Ahti,1,0,1,0.0
Eliseba,15,15,0,1.0
Wivie,1,1,0,1.0
Carl-Gunnar,8,0,8,0.0
Milan,4,0,4,0.0
Thomas,1205,0,1205,0.0
Anto,1,0,1,0.0
Karola,3,3,0,1.0
Anniette,5,5,0,1.0
Rustan,4,0,4,0.0
Li,13,13,0,1.0
Deidre,1,1,0,1.0
Miroslaw,4,0,4,0.0
Inga-Lis,14,14,0,1.0
Lise-Lott,16,16,0,1.0
Ann-Cecilia,2,2,0,1.0
Gundega,1,1,0,1.0
Medin,1,0,1,0.0
Lechi,2,2,0,1.0
Per-Samuel,2,0,2,0.0
Petter,75,0,75,0.0
Tahir,1,0,1,0.0
Elly,34,34,0,1.0
Annelie,251,251,0,1.0
Timmy,14,0,14,0.0
Alex,38,0,38,0.0
Eduard,3,0,3,0.0
Pyry,5,0,5,0.0
Iso,9,0,9,0.0
Sandro,2,0,2,0.0
Vania,1,1,0,1.0
Elin,324,324,0,1.0
Olga,17,17,0,1.0
Zeidi,3,3,0,1.0
Nadja,37,37,0,1.0
Per-Ola,25,0,25,0.0
Jens-Åke,1,0,1,0.0
Teemu,1,0,1,0.0
Maja,46,46,0,1.0
Hibo,6,6,0,1.0
Miroslawa,2,2,0,1.0
Anette,421,421,0,1.0
Ann-Katrine,3,3,0,1.0
Ewa-Leena,6,6,0,1.0
Merja,3,3,0,1.0
Marita,288,288,0,1.0
Bilbo,47,0,47,0.0
Else,47,47,0,1.0
Carita,24,24,0,1.0
Jana,49,43,6,0.8775510204081632
Katali,7,7,0,1.0
Eileen,1,1,0,1.0
Zdenka,8,8,0,1.0
Nicos,2,0,2,0.0
Fisun,9,9,0,1.0
Lillvor,10,10,0,1.0
Juliana,3,3,0,1.0
Vaino,9,9,0,1.0
George,24,0,24,0.0
Violet,9,9,0,1.0
Björn-Olov,1,0,1,0.0
Semaan,3,0,3,0.0
Ann-Catrine,11,11,0,1.0
Ljubi,1,0,1,0.0
Nedzad,11,0,11,0.0
Ethel,18,18,0,1.0
Bernth,6,0,6,0.0
Lou,1,1,0,1.0
Clas-Jörgen,1,0,1,0.0
Oksana,52,52,0,1.0
Ninna,1,1,0,1.0
Milena,15,15,0,1.0
Inkeri,1,1,0,1.0
Saad,9,0,9,0.0
Careen,1,1,0,1.0
Lars-Ebbe,1,0,1,0.0
Ragnar,79,0,79,0.0
Faisal,4,0,4,0.0
Ewa-Britt,2,2,0,1.0
Pirita,9,9,0,1.0
Heiko,1,0,1,0.0
Ann-Kristine,11,11,0,1.0
Rola,2,2,0,1.0
Thonny,1,0,1,0.0
Figge,1,0,1,0.0
Softa,2,0,2,0.0
Aktar,3,0,3,0.0
Suzanna,2,2,0,1.0
Bengt-Olle,4,0,4,0.0
Dhurata,2,2,0,1.0
Bertram,2,0,2,0.0
Margitha,2,2,0,1.0
Matts,54,0,54,0.0
Micheline,1,1,0,1.0
Keivan,2,0,2,0.0
Alexis,21,0,21,0.0
Hakon,1,0,1,0.0
GunMarie,10,10,0,1.0
Pär-David,1,0,1,0.0
Svend,9,0,9,0.0
Rosalind,2,2,0,1.0
Paz,2,2,0,1.0
Nâll,7,0,7,0.0
Ameli,1,1,0,1.0
Bekim,2,0,2,0.0
Zanna,17,17,0,1.0
Gary,14,0,14,0.0
Angelina,1,1,0,1.0
Yngve,115,0,115,0.0
Asso,8,0,8,0.0
Jacqueline,51,51,0,1.0
Franziska,18,18,0,1.0
Jananders,2,0,2,0.0
Mia,168,168,0,1.0
Nils-Ingvar,29,0,29,0.0
Rane,2,0,2,0.0
Anni,2,2,0,1.0
Sergio,20,0,20,0.0
Rene,8,0,8,0.0
Margurite,1,1,0,1.0
Boine,4,0,4,0.0
Anna-Therése,2,2,0,1.0
Johann,6,0,6,0.0
Dilan,14,14,0,1.0
Conny,259,5,254,0.019305019305019305
Annalena,11,11,0,1.0
Kisti,1,1,0,1.0
Kennerth,8,0,8,0.0
Esko,8,0,8,0.0
Andrine,4,4,0,1.0
Tenny,1,0,1,0.0
Lars-Einar,11,0,11,0.0
Brage,4,0,4,0.0
Cari,9,9,0,1.0
Bawar,8,0,8,0.0
Lars-Ingvar,15,0,15,0.0
Alessandro,1,0,1,0.0
Cemile,3,3,0,1.0
Viking,10,0,10,0.0
Snild,31,0,31,0.0
Annétthe,6,6,0,1.0
Mebrat,2,2,0,1.0
Ann-Gret,7,7,0,1.0
Seth,17,0,17,0.0
Dan-Christer,1,0,1,0.0
Nasser,3,0,3,0.0
Mohammad,70,0,70,0.0
Khalouta,1,0,1,0.0
Baby,2,2,0,1.0
Nidia,2,2,0,1.0
Peteris,1,0,1,0.0
Atman,3,0,3,0.0
Natalie,10,10,0,1.0
Nita,9,9,0,1.0
Agnieszka,2,2,0,1.0
Wojciech,15,0,15,0.0
Rudi,10,0,10,0.0
Jut,10,2,8,0.2
Lotte,10,10,0,1.0
Marileen,2,2,0,1.0
Oleg,10,0,10,0.0
Rashid,5,0,5,0.0
Ove,374,0,374,0.0
Armin,1,0,1,0.0
Ulla,762,762,0,1.0
Pa,4,0,4,0.0
Sirpa,17,17,0,1.0
Kay,20,6,14,0.3
Dane,2,0,2,0.0
Ylwa,4,4,0,1.0
Josefine,91,91,0,1.0
Dominique,3,1,2,0.3333333333333333
Ata,2,0,2,0.0
BrorJohnny,1,0,1,0.0
Marielle,2,2,0,1.0
Aram,111,0,111,0.0
Sepideh,2,2,0,1.0
Anelia,7,7,0,1.0
Wiggo,1,0,1,0.0
Klaus,19,0,19,0.0
Bror,61,0,61,0.0
Kiomars,1,0,1,0.0
Murvet,2,2,0,1.0
Gottlieb,2,0,2,0.0
Maqsood,2,0,2,0.0
Shai,1,0,1,0.0
Celso,1,0,1,0.0
Farid,11,0,11,0.0
Herta,14,14,0,1.0
Berndt,109,0,109,0.0
Knut-Dag,1,0,1,0.0
Azra,5,5,0,1.0
Irén,5,5,0,1.0
Hanif,3,0,3,0.0
Salina,2,2,0,1.0
Stig-Ola,4,0,4,0.0
Dan-Peter,1,0,1,0.0
Jeannette,7,7,0,1.0
Navid,1,0,1,0.0
Trond,11,0,11,0.0
Domokos,1,0,1,0.0
Anna-Greta,37,37,0,1.0
Frank-Johan,1,0,1,0.0
Eghbal,5,0,5,0.0
Otto,25,0,25,0.0
Ain,4,0,4,0.0
Kemal,8,0,8,0.0
Ulrica,82,82,0,1.0
Seija,10,10,0,1.0
Rosalina,1,1,0,1.0
Nils-Evert,8,0,8,0.0
Ewa-Maria,1,1,0,1.0
Alicja,22,22,0,1.0
Aziz,8,0,8,0.0
Idriz,2,0,2,0.0
Ulla-B.,2,2,0,1.0
Bo-Anders,8,0,8,0.0
Curth,4,0,4,0.0
Ammar,29,0,29,0.0
Karl-Anders,2,0,2,0.0
Frieda,1,1,0,1.0
Bror-Inge,1,0,1,0.0
Bo.G.,1,0,1,0.0
Gulliver,10,0,10,0.0
Valborg,5,5,0,1.0
Osama,12,0,12,0.0
Inger,1072,1072,0,1.0
Pär-Olof,2,0,2,0.0
Stig-Lennart,1,0,1,0.0
Lars-Henrik,1,0,1,0.0
Marek,2,0,2,0.0
Vehid,3,0,3,0.0
Betty,6,6,0,1.0
Sandra,316,316,0,1.0
Tiba,3,3,0,1.0
Tovar,1,0,1,0.0
Thor,12,0,12,0.0
Bigitta,7,7,0,1.0
Claes,448,0,448,0.0
Ahmet,2,0,2,0.0
AnnaBella,2,2,0,1.0
Audun,2,0,2,0.0
Gitten,4,4,0,1.0
Lars-Thure,1,0,1,0.0
Lari,2,0,2,0.0
Evelina,19,19,0,1.0
Gudmund,2,0,2,0.0
Marsel,4,4,0,1.0
Anastasios,2,0,2,0.0
Dario,5,0,5,0.0
Klas-Göran,24,0,24,0.0
Reynoldh,14,0,14,0.0
Ekrem,1,0,1,0.0
Inga-Sara,4,4,0,1.0
Jeannie,1,1,0,1.0
Yoel,2,0,2,0.0
Tryggvi,4,0,4,0.0
Mats-Ola,6,0,6,0.0
Carmen,25,25,0,1.0
Majbritt,3,3,0,1.0
Alf-Erik,3,0,3,0.0
Suzanne,87,87,0,1.0
Kurddost,2,0,2,0.0
Liona,1,1,0,1.0
Yusuf,29,0,29,0.0
Kärstin,9,9,0,1.0
Raine,2,2,0,1.0
Nils-Gustav,6,0,6,0.0
Curt-Rune,1,0,1,0.0
Ferenc,44,0,44,0.0
Gunvor,117,117,0,1.0
Gunborg,21,21,0,1.0
Jonte,3,0,3,0.0
Kristin,83,83,0,1.0
Eli,16,0,16,0.0
Ajda,4,4,0,1.0
Ullabritt,7,7,0,1.0
Goodarz,2,0,2,0.0
Rosalie,23,23,0,1.0
Nima,7,0,7,0.0
Mainy,1,1,0,1.0
Ivan,82,0,82,0.0
MonaLisa,8,8,0,1.0
Bahruz,7,0,7,0.0
Leif-Arne,4,0,4,0.0
Monika,234,234,0,1.0
Patrizia,2,2,0,1.0
Karl-Göran,19,0,19,0.0
Jöns-Lennart,2,0,2,0.0
Vasiliki,3,3,0,1.0
Michel,85,0,85,0.0
Geza,2,0,2,0.0
Nashat,1,0,1,0.0
Bengt,1612,0,1612,0.0
Kadir,20,0,20,0.0
Péter,1,0,1,0.0
Majken,10,10,0,1.0
Pär-Anders,9,0,9,0.0
Lena-Karin,3,3,0,1.0
Clara,28,28,0,1.0
Enes,6,0,6,0.0
Åsa-Katarina,2,2,0,1.0
Achim,12,0,12,0.0
Vlado,8,0,8,0.0
Ebba,44,44,0,1.0
Bora,2,2,0,1.0
Remy,5,0,5,0.0
Sima,2,2,0,1.0
Rurik,3,0,3,0.0
Karl,408,0,408,0.0
Meta,3,3,0,1.0
Egun,1,0,1,0.0
Abshiro,2,2,0,1.0
Helmi,5,5,0,1.0
Ann-Margreth,16,16,0,1.0
Joacim,36,0,36,0.0
Richard,307,0,307,0.0
Salima,8,8,0,1.0
Tune,3,3,0,1.0
RosMarie,8,8,0,1.0
Eva-Lott,8,8,0,1.0
Sahra,8,8,0,1.0
GullBritt,1,1,0,1.0
Ajsela,4,4,0,1.0
Marthin,1,0,1,0.0
Gunveig,1,1,0,1.0
Pethra,1,1,0,1.0
Karoliina,1,1,0,1.0
Rauf,1,0,1,0.0
Iwona,14,14,0,1.0
Thim,1,0,1,0.0
Sussie,1,1,0,1.0
Salar,6,0,6,0.0
Karl-Åke,10,0,10,0.0
Bo-Göran,44,0,44,0.0
Elving,10,0,10,0.0
John-Olof,12,0,12,0.0
Henrika,16,16,0,1.0
Liudmila,1,1,0,1.0
Curre,20,0,20,0.0
Cristian,3,0,3,0.0
Marjatta,5,5,0,1.0
Lis-Beth,1,1,0,1.0
Johan,1618,0,1618,0.0
Kent-Rune,14,0,14,0.0
Rosmari,13,13,0,1.0
Charlotta,134,134,0,1.0
Stefano,1,0,1,0.0
Carl-Uno,1,0,1,0.0
Tisse,2,2,0,1.0
Solbrith,1,1,0,1.0
Rusica,3,3,0,1.0
Annemon,1,1,0,1.0
Per-Christer,1,0,1,0.0
Bertra,2,2,0,1.0
Meral,4,4,0,1.0
Barthold,37,0,37,0.0
Nisette,4,4,0,1.0
Emmelie,4,4,0,1.0
Uno,115,0,115,0.0
Zlatko,1,0,1,0.0
Miriam-Irene,13,13,0,1.0
Anna-Sara,9,9,0,1.0
Lucy,1,1,0,1.0
Ackad,2,0,2,0.0
Annbritt,7,7,0,1.0
Jabou,1,1,0,1.0
Zahra,4,4,0,1.0
Isabel,23,23,0,1.0
Rose-Marie,161,161,0,1.0
Inga-Lil,1,1,0,1.0
Battal,2,0,2,0.0
Larz,10,0,10,0.0
Kjell-Olov,1,0,1,0.0
Ante,11,0,11,0.0
Henrietta,2,2,0,1.0
Eliaz,1,0,1,0.0
Codruta,1,1,0,1.0
Dorine,2,2,0,1.0
Pierre,182,0,182,0.0
Senija,14,14,0,1.0
Lyn,1,1,0,1.0
Jonaz,1,0,1,0.0
Dêrsim,2,0,2,0.0
Nikolas,8,0,8,0.0
Ann-Cathrine,12,12,0,1.0
John-Åke,2,0,2,0.0
Iréne,128,128,0,1.0
Vanja,45,45,0,1.0
Jan-Evert,33,0,33,0.0
Elli-Marie,1,1,0,1.0
Nader,51,0,51,0.0
Aarne,1,0,1,0.0
Markus,218,0,218,0.0
Solweig,56,56,0,1.0
Leonel,3,0,3,0.0
Jutta,12,12,0,1.0
Walter,16,0,16,0.0
Thamer,2,0,2,0.0
Salma,4,4,0,1.0
Cecilija,12,12,0,1.0
Hysni,1,0,1,0.0
Godfrey,6,0,6,0.0
Jochen,3,0,3,0.0
Wanjira,2,2,0,1.0
Freddy,7,0,7,0.0
Sahar,36,36,0,1.0
Néstor,4,0,4,0.0
Max-Åke,1,0,1,0.0
Anna-Therese,1,1,0,1.0
Mariann,36,36,0,1.0
Kicki,41,41,0,1.0
Edit,6,6,0,1.0
Gerhard,42,0,42,0.0
Krisitna,1,1,0,1.0
Maini,1,1,0,1.0
Eva-Louise,6,6,0,1.0
Beda,2,2,0,1.0
Amani,2,2,0,1.0
Toleif,1,0,1,0.0
Lilith,3,3,0,1.0
Inga-May,3,3,0,1.0
Carl-Martin,4,0,4,0.0
Nils-Henrik,9,0,9,0.0
Besrat,2,2,0,1.0
Nils-Johan,4,0,4,0.0
Arba,6,6,0,1.0
Adriana,1,1,0,1.0
Jaber,2,0,2,0.0
Armina,3,3,0,1.0
Örn,3,0,3,0.0
Udo,3,0,3,0.0
Veronika,49,49,0,1.0
Muhannad,5,0,5,0.0
Carinne,5,5,0,1.0
Hernan,2,0,2,0.0
Linda-Maria,1,1,0,1.0
Dora,8,8,0,1.0
Ivon,1,1,0,1.0
Shilpi,2,2,0,1.0
Hicham,8,0,8,0.0
Roberta,1,1,0,1.0
Raymonda,7,7,0,1.0
Perallan,5,0,5,0.0
Nusreta,3,3,0,1.0
Ros-Mari,10,10,0,1.0
Janolof,2,0,2,0.0
Mariell,1,1,0,1.0
Daisy,2,2,0,1.0
Rauno,3,0,3,0.0
Elli-Karin,1,1,0,1.0
Wenjun,2,2,0,1.0
Zlatan,1,0,1,0.0
Esther,2,2,0,1.0
Zarko,1,0,1,0.0
Gareth,1,0,1,0.0
Paavo,3,0,3,0.0
Sheila,2,2,0,1.0
Dajana,4,4,0,1.0
Gerti,2,2,0,1.0
Runo,7,0,7,0.0
Sven-Göran,3,0,3,0.0
Ghaidaa,6,6,0,1.0
Calise,1,1,0,1.0
Jöran,8,0,8,0.0
Sten-Arne,3,0,3,0.0
Lenneke,2,2,0,1.0
Reimer,2,0,2,0.0
Joel,129,0,129,0.0
Ingerth,4,0,4,0.0
Lindhia,6,6,0,1.0
Marton,1,0,1,0.0
Esad,3,0,3,0.0
Zita,1,1,0,1.0
Torborg,1,1,0,1.0
Osman,1,0,1,0.0
Ellert,2,0,2,0.0
Jonnie,1,0,1,0.0
Selwyn,2,0,2,0.0
Marice,1,1,0,1.0
Zedenko,2,0,2,0.0
Ingeli,1,1,0,1.0
Sonya,8,8,0,1.0
Lorri,14,14,0,1.0
Göril,6,6,0,1.0
Nils-Edvin,3,0,3,0.0
Berthil,1,0,1,0.0
Salman,7,0,7,0.0
Walle,1,0,1,0.0
Tudor,5,0,5,0.0
Sergej,31,0,31,0.0
Aina,84,84,0,1.0
Murat,7,0,7,0.0
Johanna,402,402,0,1.0
Iva,6,6,0,1.0
Clas,55,0,55,0.0
Elg,1,1,0,1.0
Josip,1,0,1,0.0
Donald,19,0,19,0.0
Cate,12,12,0,1.0
Lehna,2,2,0,1.0
Lizbeth,1,1,0,1.0
Margita,6,6,0,1.0
John-Olov,1,0,1,0.0
Ann-Siv,1,1,0,1.0
Hilje,1,1,0,1.0
Take,3,0,3,0.0
Ritva,42,42,0,1.0
Seve,24,0,24,0.0
Jan-Eve,2,0,2,0.0
Carl-Åke,10,0,10,0.0
Lassas,1,0,1,0.0
Therece,1,1,0,1.0
Zaradesht,2,0,2,0.0
Pär,211,0,211,0.0
Majlene,3,3,0,1.0
Rohland,2,0,2,0.0
Erik-Olov,4,0,4,0.0
Bert-Åke,1,0,1,0.0
Bengt-Owe,2,0,2,0.0
Sema,6,6,0,1.0
Kemo,14,0,14,0.0
Eija,38,38,0,1.0
Philip,56,0,56,0.0
Maid,1,0,1,0.0
Rakel,5,5,0,1.0
Emil,329,0,329,0.0
Berta,3,3,0,1.0
Agne,54,0,54,0.0
Jaan,19,0,19,0.0
Ulf,1155,0,1155,0.0
Elijah,1,0,1,0.0
Gabriele,1,1,0,1.0
Delvin,15,15,0,1.0
Barabara,1,1,0,1.0
Angelicka,2,2,0,1.0
Inga-Brith,4,4,0,1.0
Eva-Maj,1,1,0,1.0
Sanaz,9,9,0,1.0
Jaffar,4,0,4,0.0
Åza,1,1,0,1.0
Annbrith,4,4,0,1.0
Heins,1,0,1,0.0
Manne,9,0,9,0.0
Roshan,3,0,3,0.0
Sten-Erik,7,0,7,0.0
Heimo,4,0,4,0.0
Akbar,3,0,3,0.0
Jakob,295,0,295,0.0
Marié,3,3,0,1.0
Shemsi,1,0,1,0.0
Carl-Michael,3,0,3,0.0
Arazu,6,6,0,1.0
Zenitha,2,2,0,1.0
Bernt-Ola,1,0,1,0.0
Mac,7,0,7,0.0
Elsa-Britt,4,4,0,1.0
Bo-Eje,1,0,1,0.0
Fehmi,2,0,2,0.0
AnnaMaria,12,12,0,1.0
Brynolf,2,0,2,0.0
Elmer,17,0,17,0.0
Márika,8,8,0,1.0
Blerta,2,2,0,1.0
Vesa,5,0,5,0.0
Lillemor,108,108,0,1.0
Guadalupe,1,1,0,1.0
Benedikta,18,18,0,1.0
Torkild,3,0,3,0.0
Lottie,13,13,0,1.0
Özgür,4,0,4,0.0
Youbert,2,0,2,0.0
Parivash,4,4,0,1.0
Domingo,1,0,1,0.0
Pär-Ola,4,0,4,0.0
Merima,2,2,0,1.0
Maritza,2,2,0,1.0
Lynn,6,6,0,1.0
Sanja,26,26,0,1.0
Yamila,2,2,0,1.0
Falak,2,2,0,1.0
Larsolof,6,0,6,0.0
Erik,1204,0,1204,0.0
Ibb,1,0,1,0.0
Kaisa,42,42,0,1.0
Alfredo,4,0,4,0.0
Harry,123,0,123,0.0
Unto,10,0,10,0.0
Aza,4,0,4,0.0
Stig-Olof,2,0,2,0.0
Igor,11,0,11,0.0
Alberto,9,0,9,0.0
Loucie,1,1,0,1.0
Anna-Märta,3,3,0,1.0
Jürgen,7,0,7,0.0
Pärlennart,7,0,7,0.0
Mickaela,2,2,0,1.0
Jashar,2,0,2,0.0
Sambou,2,0,2,0.0
Teresita,2,2,0,1.0
Micaela,6,6,0,1.0
Henri,10,0,10,0.0
Clarie,2,2,0,1.0
Amar,1,0,1,0.0
Kirsti,37,37,0,1.0
Weronica,3,3,0,1.0
Cenneth,6,0,6,0.0
Doris,77,77,0,1.0
Miguel,4,0,4,0.0
Zerny,2,1,1,0.5
Anne-Marléne,2,2,0,1.0
Fadi,4,0,4,0.0
Måna,1,1,0,1.0
Siri,64,64,0,1.0
Maulene,1,1,0,1.0
Petronella,8,8,0,1.0
Kathinka,1,1,0,1.0
Stojan,3,0,3,0.0
Brian,13,0,13,0.0
Remigiusz,7,0,7,0.0
Heli,34,34,0,1.0
Sevgi,2,2,0,1.0
Thommy,31,0,31,0.0
Madelein,2,2,0,1.0
Pawel,31,0,31,0.0
Gloria,1,1,0,1.0
Zeynepa,4,4,0,1.0
Gulistan,2,2,0,1.0
Klara,71,71,0,1.0
Engelbert,1,0,1,0.0
Thuraya,1,1,0,1.0
Lukas,160,0,160,0.0
K,3,1,2,0.3333333333333333
Elle,1,1,0,1.0
Elinborg,2,2,0,1.0
Alija,14,0,14,0.0
Kjellan,1,0,1,0.0
Anna-Mi,9,9,0,1.0
Nurcan,21,21,0,1.0
Qazim,6,0,6,0.0
Ivar,31,0,31,0.0
Jenny,523,522,1,0.9980879541108987
Randi,12,12,0,1.0
Gulan,7,7,0,1.0
Liban,7,0,7,0.0
Love,31,0,31,0.0
AnnaMaj,1,1,0,1.0
Renas,2,0,2,0.0
Karl.Göran,1,0,1,0.0
Anne-Christine,28,28,0,1.0
Ulf-G,1,0,1,0.0
Josefin,69,69,0,1.0
Georg,82,0,82,0.0
Larry,23,0,23,0.0
Magadalena,2,2,0,1.0
Josiane-Mica,2,2,0,1.0
Leonor,2,2,0,1.0
Vilhelm,6,0,6,0.0
Alpo,3,0,3,0.0
Ronak,5,5,0,1.0
Karl-Rudolf,2,0,2,0.0
Gunder,7,0,7,0.0
Ismet,5,0,5,0.0
Sikander,2,0,2,0.0
Shahiduzzaman,14,0,14,0.0
Adhiambo,4,4,0,1.0
Mariola,2,2,0,1.0
Husniya,1,1,0,1.0
Slobodan,9,0,9,0.0
Rebecca-Pandora,3,3,0,1.0
Pija,5,5,0,1.0
Cecilia,652,652,0,1.0
Verner,4,0,4,0.0
Jussi,3,0,3,0.0
Amina,2,2,0,1.0
Roland,599,0,599,0.0
Gertowe,2,0,2,0.0
Dikran,24,0,24,0.0
Nils-Olov,14,0,14,0.0
Carl-Johan,53,0,53,0.0
Solvieg,1,1,0,1.0
Joy,4,1,3,0.25
Meike,2,2,0,1.0
Horst,4,0,4,0.0
Hoschang,2,0,2,0.0
Signe,58,58,0,1.0
Jarl-Olof,2,0,2,0.0
Zoltán,9,0,9,0.0
Stigolle,1,0,1,0.0
Boo,8,0,8,0.0
Lejla,1,1,0,1.0
Ullastina,1,1,0,1.0
Ron,7,0,7,0.0
Anne-Gärd,2,2,0,1.0
Kent,568,0,568,0.0
Armando,1,0,1,0.0
Drago,1,0,1,0.0
Maipato,1,1,0,1.0
Nils-Bengt,5,0,5,0.0
Marjorie,1,1,0,1.0
Kimberley,3,3,0,1.0
Jorge,27,0,27,0.0
Mari-Lena,2,2,0,1.0
Risto,7,0,7,0.0
Niels,28,0,28,0.0
Rozita,3,3,0,1.0
Raymond,125,0,125,0.0
Marlena,4,4,0,1.0
Synnøve,3,3,0,1.0
Mikaela,98,98,0,1.0
Hediye,18,18,0,1.0
Knut-Åke,1,0,1,0.0
Sissela,47,47,0,1.0
Lars-Gösta,4,0,4,0.0
Gerdt-Erik,1,0,1,0.0
Daniella,1,1,0,1.0
Baiba,2,2,0,1.0
Erica,40,40,0,1.0
Aisha,2,2,0,1.0
Mats-Johan,4,0,4,0.0
Berhane,4,0,4,0.0
Azim,4,0,4,0.0
AnnMargrethe,2,2,0,1.0
Jan-,1,0,1,0.0
Lenita,16,16,0,1.0
Pontuz,3,0,3,0.0
Wedestig,1,1,0,1.0
Fahima,14,14,0,1.0
Matija,1,0,1,0.0
Lilli,3,3,0,1.0
Marrlis,1,1,0,1.0
Anetté,5,5,0,1.0
Alexandra,173,173,0,1.0
Kasim,1,0,1,0.0
Gholam,3,0,3,0.0
Lilla,8,8,0,1.0
Maggan,2,2,0,1.0
Einar,22,0,22,0.0
Annaklara,151,151,0,1.0
Halim,9,0,9,0.0
Eia,2,2,0,1.0
Fingal,2,0,2,0.0
Beatrice,78,78,0,1.0
Ken,22,0,22,0.0
Oded,4,0,4,0.0
Voitto,1,0,1,0.0
Towe,6,6,0,1.0
Catrine,32,32,0,1.0
Sonja,157,157,0,1.0
Mikhaeil,2,0,2,0.0
Sölwe,3,0,3,0.0
Karl-Bertil,1,0,1,0.0
Marcus,302,0,302,0.0
Stiven,2,0,2,0.0
Lennarth,27,0,27,0.0
Mikko,7,0,7,0.0
Sleiman,8,0,8,0.0
Jan-Gunnar,2,0,2,0.0
Hani,2,0,2,0.0
Bengt-Ola,3,0,3,0.0
Dulce,2,2,0,1.0
Almaz,10,0,10,0.0
Henk,5,0,5,0.0
Sabri,21,0,21,0.0
Hamlet,4,0,4,0.0
Hussain,4,0,4,0.0
Guillaume,1,0,1,0.0
Marlene,38,38,0,1.0
Ramin,7,0,7,0.0
Andreás,3,0,3,0.0
Georgia,3,3,0,1.0
Enrique,12,0,12,0.0
Gert-Ove,3,0,3,0.0
Gjohn-Marko,4,0,4,0.0
Timothy,4,0,4,0.0
Jaana,21,21,0,1.0
Wirginia,4,4,0,1.0
Bahtijar,3,0,3,0.0
Magnus,1225,0,1225,0.0
Monzer,12,0,12,0.0
Alborz,4,0,4,0.0
Karl-Einar,1,0,1,0.0
Anniola,3,3,0,1.0
Sten-Göran,2,0,2,0.0
Rexhep,4,0,4,0.0
Sewon,7,0,7,0.0
Britt-Inger,54,54,0,1.0
Wahan,1,0,1,0.0
Gullbritt,2,2,0,1.0
Manlio,12,0,12,0.0
Björner,32,0,32,0.0
Ksenia,1,1,0,1.0
Ramon,12,0,12,0.0
Tamás,9,0,9,0.0
Marith,7,7,0,1.0
Ing-Marie,106,106,0,1.0
Lil,2,2,0,1.0
Erwin,1,0,1,0.0
Pontus,169,0,169,0.0
Ran,1,0,1,0.0
Ersa,2,0,2,0.0
Salwa,2,2,0,1.0
Karl-Holger,1,0,1,0.0
Jöns-Erik,2,0,2,0.0
AnnaCharlotta,1,1,0,1.0
Amie,14,14,0,1.0
Ewa-May,5,5,0,1.0
Emely,1,1,0,1.0
Sarab,2,2,0,1.0
Ionel,6,0,6,0.0
Vávra,72,0,72,0.0
Keld,2,0,2,0.0
Annusjka,3,3,0,1.0
Teodora,3,3,0,1.0
Arido,2,0,2,0.0
Joao,4,0,4,0.0
Jassin,7,0,7,0.0
Kameran,5,0,5,0.0
Stella,20,20,0,1.0
Rudayna,1,1,0,1.0
Rosemarie,7,7,0,1.0
Elsina,5,5,0,1.0
Elsmarie,3,3,0,1.0
Neven,3,0,3,0.0
Miodrag,3,0,3,0.0
Didi,13,13,0,1.0
Walburga,2,2,0,1.0
Maisie,1,1,0,1.0
Lisbeth,287,287,0,1.0
Vala,8,0,8,0.0
Eva-Lena,44,44,0,1.0
Freddie,17,0,17,0.0
Jacob,161,0,161,0.0
Nevin,6,6,0,1.0
Leonard,5,0,5,0.0
Gerlandia,1,1,0,1.0
Wivi-Anne,3,3,0,1.0
Moe,2,0,2,0.0
Jouni,1,0,1,0.0
Åsne,4,4,0,1.0
Lennart,1526,0,1526,0.0
Ann-Beathe,2,2,0,1.0
Per-Owe,3,0,3,0.0
Knuth,1,0,1,0.0
Djordje,1,0,1,0.0
Marjaana,19,19,0,1.0
Helle,29,29,0,1.0
Inga-Kersti,1,1,0,1.0
Sherazade,2,2,0,1.0
Vilho,1,0,1,0.0
Eivind,4,0,4,0.0
Chahanna,1,1,0,1.0
William,98,0,98,0.0
Mufida,1,1,0,1.0
Gordana,1,1,0,1.0
Goran,5,0,5,0.0
Lauri,5,0,5,0.0
Karl-Gunnar,34,0,34,0.0
Susanna,133,133,0,1.0
Shapoor,1,0,1,0.0
Ljubinka,10,10,0,1.0
Kave,2,0,2,0.0
Niina,3,3,0,1.0
Giuseppe,8,0,8,0.0
Antonio,6,0,6,0.0
Natanael,1,0,1,0.0
Sailab,4,0,4,0.0
Cassandra,9,9,0,1.0
Naile,3,3,0,1.0
Alan,6,0,6,0.0
Mawlod,1,0,1,0.0
Ofelia,6,6,0,1.0
Kaviraj,1,0,1,0.0
Anne-Katrin,2,2,0,1.0
Gerthie,3,3,0,1.0
Arife,2,2,0,1.0
Natalya,1,1,0,1.0
Haidi,4,4,0,1.0
Ann-Birgitte,1,1,0,1.0
Jelica,2,2,0,1.0
Luciano,1,0,1,0.0
Zlata,3,3,0,1.0
Henry,129,0,129,0.0
Krystyna,9,9,0,1.0
Pembe,1,1,0,1.0
Janewert,1,0,1,0.0
Ragnwald,8,0,8,0.0
Vicente,1,0,1,0.0
Uwe,13,0,13,0.0
Aurea,1,1,0,1.0
Sanela,2,2,0,1.0
Vendela,1,1,0,1.0
Agustin,1,0,1,0.0
JanOlov,1,0,1,0.0
Stigbjörn,7,0,7,0.0
Civ,2,2,0,1.0
Naemi,6,6,0,1.0
Evy,64,64,0,1.0
Marilyn,11,11,0,1.0
Aado,1,0,1,0.0
Lelle,28,0,28,0.0
Kirsi,4,4,0,1.0
Fritjof,1,0,1,0.0
Hakam,2,0,2,0.0
Bekir,18,0,18,0.0
Lawrence,2,0,2,0.0
Fannie,4,4,0,1.0
Rasim,2,0,2,0.0
Jannice,4,4,0,1.0
Fredric,76,0,76,0.0
Lassana,2,0,2,0.0
Aleksandar,7,0,7,0.0
Marithe,2,2,0,1.0
Siv-Britt,6,6,0,1.0
Ermisa,2,2,0,1.0
Hans-Peter,15,0,15,0.0
Ing-Mari,30,30,0,1.0
John-Ove,5,0,5,0.0
Edvard,24,0,24,0.0
Rickard,236,0,236,0.0
Luigi,2,0,2,0.0
Käte,5,5,0,1.0
Sewed,4,0,4,0.0
Filiz,3,3,0,1.0
Saba,2,2,0,1.0
Yen,2,2,0,1.0
Bettina,2,2,0,1.0
Per-Allan,1,0,1,0.0
Sven-Yngve,8,0,8,0.0
Hulda,9,9,0,1.0
Milka,10,10,0,1.0
Eiwin,2,0,2,0.0
Marlen,3,3,0,1.0
Lars-Bertil,5,0,5,0.0
Marja-Liisa,2,2,0,1.0
Nina,223,223,0,1.0
Aron,54,0,54,0.0
Sander,3,0,3,0.0
Grethe,1,1,0,1.0
Phia,1,1,0,1.0
Sammy,31,0,31,0.0
Alette-Marie,1,1,0,1.0
Ilinka,2,2,0,1.0
Angelo,5,0,5,0.0
Zacharias,6,0,6,0.0
Evert,86,0,86,0.0
Amia,1,1,0,1.0
Soraya,2,2,0,1.0
Per-Agne,2,0,2,0.0
Daphne,2,2,0,1.0
Artimis,1,0,1,0.0
Clyde,1,0,1,0.0
Tahira,1,1,0,1.0
Patima,1,1,0,1.0
Toini,5,5,0,1.0
Gurjant,1,0,1,0.0
Henning,13,0,13,0.0
Anncatrin,1,1,0,1.0
Ossian,2,0,2,0.0
Karanta,5,0,5,0.0
Baris,4,0,4,0.0
Mats,1299,0,1299,0.0
Rhoda,1,1,0,1.0
Ewonne,8,8,0,1.0
Bernardo,8,0,8,0.0
Ask,1,0,1,0.0
Lykke,1,1,0,1.0
Joe,34,0,34,0.0
Fatuma,2,2,0,1.0
Peppe,1,0,1,0.0
Lone,6,6,0,1.0
Thea,2,2,0,1.0
Ninia,2,2,0,1.0
Jan-Petter,1,0,1,0.0
Deseré,1,1,0,1.0
Kathe,2,2,0,1.0
Marino,2,0,2,0.0
Raija,19,19,0,1.0
Carl-Adam,1,0,1,0.0
Bo-Lennart,8,0,8,0.0
StigÅke,1,0,1,0.0
Artur,2,0,2,0.0
Veikko,6,0,6,0.0
Karl-Martin,1,0,1,0.0
Jörgen,410,0,410,0.0
Torvald,10,0,10,0.0
Jean-Pascal,14,0,14,0.0
Sibylla,3,3,0,1.0
Roko,2,0,2,0.0
Malinda,1,1,0,1.0
Maija,10,10,0,1.0
Annica,191,191,0,1.0
Elzbieta,2,2,0,1.0
Finn,12,0,12,0.0
Erol,32,0,32,0.0
Bisera,6,6,0,1.0
Tyrone,2,0,2,0.0
Zoltan,2,0,2,0.0
Parasto,2,2,0,1.0
Gill,2,1,1,0.5
Elham,8,8,0,1.0
Joséphine-Charlotte,1,1,0,1.0
Sanita,1,1,0,1.0
Danuta,25,25,0,1.0
Anita,1020,1020,0,1.0
Ching-Pei,2,2,0,1.0
Saima,9,9,0,1.0
Tatiana,6,6,0,1.0
Inga-Britta,9,9,0,1.0
Faraj,4,0,4,0.0
Nujin,2,2,0,1.0
Melina,2,2,0,1.0
Bayram,14,0,14,0.0
Stellan,130,0,130,0.0
Andrée,11,0,11,0.0
Cajsa,4,4,0,1.0
Mohamed,180,0,180,0.0
AnnaLisa,2,2,0,1.0
Mehmet,35,0,35,0.0
Shabboo,4,4,0,1.0
Jallal,2,0,2,0.0
Lili-Marie,11,11,0,1.0
Raimon,3,0,3,0.0
Bert-Inge,3,0,3,0.0
Tua,3,3,0,1.0
Per-Oskar,2,0,2,0.0
Berny,3,0,3,0.0
Anne-Maria,1,1,0,1.0
Pia,400,400,0,1.0
Cidalia,3,3,0,1.0
Nawzad,38,0,38,0.0
K-G,1,0,1,0.0
Rodi,2,0,2,0.0
Aranka,6,6,0,1.0
Karleric,8,0,8,0.0
Cissi,20,20,0,1.0
Per-Anders,75,0,75,0.0
Elon,1,0,1,0.0
Talaat,1,0,1,0.0
Kåge,21,0,21,0.0
Rolando,4,0,4,0.0
Parisse,1,1,0,1.0
Hans-Olof,61,0,61,0.0
Reiner,1,0,1,0.0
Anwar,8,0,8,0.0
Latifa,5,5,0,1.0
Senadin,3,0,3,0.0
Zsolt,2,0,2,0.0
Kick,3,0,3,0.0
Sirkka-Liisa,2,2,0,1.0
Ole,35,0,35,0.0
Valentin,2,0,2,0.0
Björn-Ole,1,0,1,0.0
Ants,2,0,2,0.0
Lars-Olov,28,0,28,0.0
Per-Lennart,4,0,4,0.0
Felemez,3,0,3,0.0
Gerardo,16,0,16,0.0
Olivia,10,10,0,1.0
Mona-Britt,2,2,0,1.0
Ifrah,3,3,0,1.0
Haider,2,0,2,0.0
Anderz,4,0,4,0.0
Anne-Marie,124,124,0,1.0
Khudher,4,0,4,0.0
Gerdy,1,1,0,1.0
Antigon,9,9,0,1.0
Hannington,5,0,5,0.0
Jamil,6,0,6,0.0
Spiros,1,0,1,0.0
Rosie,10,10,0,1.0
Stenåke,2,0,2,0.0
Herberth,1,0,1,0.0
Aydin,4,0,4,0.0
Nafih,1,0,1,0.0
Emeli,5,5,0,1.0
Aida,12,12,0,1.0
Alina,1,1,0,1.0
Gudrun,334,334,0,1.0
Helin,4,4,0,1.0
Kauko,1,0,1,0.0
Elly-Kerstin,2,2,0,1.0
Bert-Ola,1,0,1,0.0
Simån,4,0,4,0.0
Hedda,2,2,0,1.0
Senja,3,3,0,1.0
Ursel,1,1,0,1.0
Ilko,8,0,8,0.0
Percy,21,0,21,0.0
Line,40,40,0,1.0
Jacek,6,0,6,0.0
Staffan,388,0,388,0.0
Lars-Anton,1,0,1,0.0
Oswald,2,0,2,0.0
Kurt-Ingvar,1,0,1,0.0
Karim,13,0,13,0.0
Hrafn,29,0,29,0.0
Hanke,1,0,1,0.0
Une,12,0,12,0.0
Alvina,2,2,0,1.0
Mohsen,4,0,4,0.0
Eva-Lotta,54,54,0,1.0
Marija,6,6,0,1.0
Manal,1,1,0,1.0
Benjamin,37,0,37,0.0
Eylem,29,29,0,1.0
Emina,8,8,0,1.0
Kerttu,4,4,0,1.0
Ingela,322,322,0,1.0
Jalal,1,0,1,0.0
Frese,10,0,10,0.0
Jurga,3,3,0,1.0
Asif,4,0,4,0.0
Usa,7,7,0,1.0
Effe,1,0,1,0.0
Baloo,1,0,1,0.0
Kukkamariia,1,1,0,1.0
Marion,14,14,0,1.0
Herje,4,0,4,0.0
Terhi,9,9,0,1.0
Hermine,2,2,0,1.0
Flemming,2,0,2,0.0
Mattias,723,0,723,0.0
Marisa,1,1,0,1.0
Maik,1,0,1,0.0
Novin,24,24,0,1.0
Eivor,237,237,0,1.0
Syla,1,0,1,0.0
Theo,16,0,16,0.0
Zenita,1,1,0,1.0
Carolina,81,81,0,1.0
Bengt-Olov,6,0,6,0.0
Nyan,4,4,0,1.0
Pär-Göran,7,0,7,0.0
Shilan,5,5,0,1.0
Jasminka,7,7,0,1.0
Genet,1,1,0,1.0
Ysabel,1,1,0,1.0
Rachel,13,13,0,1.0
Berith,73,73,0,1.0
Najah,5,5,0,1.0
Reijo,19,0,19,0.0
Björne,2,0,2,0.0
Reinhold,33,0,33,0.0
Hans-Arne,8,0,8,0.0
Zulaeima,2,2,0,1.0
Farhad,11,0,11,0.0
Zakia,5,5,0,1.0
Souraya,1,1,0,1.0
Eystein,6,0,6,0.0
Dania,3,3,0,1.0
Annkie,1,1,0,1.0
Nasim,5,0,5,0.0
Ingegärd,28,28,0,1.0
Karl-Erik,176,0,176,0.0
Anitha,71,71,0,1.0
Jasim,1,0,1,0.0
Kamer,7,0,7,0.0
Mesut,4,0,4,0.0
Zohreh,5,5,0,1.0
Kurt-Olov,1,0,1,0.0
Immaculate,2,2,0,1.0
Esabelle,3,3,0,1.0
Matteus,1,0,1,0.0
Saleh,11,0,11,0.0
EvaLena,12,12,0,1.0
Nurhan,15,0,15,0.0
Matílda,1,1,0,1.0
Judith,20,20,0,1.0
Shewen,2,2,0,1.0
Soili,7,7,0,1.0
Max,109,0,109,0.0
Erold,1,0,1,0.0
Helena,665,665,0,1.0
Tarja,17,17,0,1.0
PO,1,0,1,0.0
Vera,49,49,0,1.0
Lucerita,3,3,0,1.0
May-Britt,19,19,0,1.0
Jan-Ola,25,0,25,0.0
Vedran,1,0,1,0.0
Moncef,14,0,14,0.0
Klas,142,0,142,0.0
Jennifer,14,14,0,1.0
Raif,1,0,1,0.0
Eva-Britt,70,70,0,1.0
Janåke,2,0,2,0.0
Frithjof,4,0,4,0.0
Knud,9,0,9,0.0
Ismail,12,0,12,0.0
Rosana,2,2,0,1.0
Inga-Kajsa,1,1,0,1.0
Marko,3,0,3,0.0
Ingvar,505,0,505,0.0
Ioannis,37,0,37,0.0
Kaukko,1,0,1,0.0
Marzena,1,1,0,1.0
Eskil,62,0,62,0.0
Sylvia,59,59,0,1.0
Abdulcelil,6,0,6,0.0
Rauni,3,3,0,1.0
Kjell-Arne,32,0,32,0.0
Maryana,1,1,0,1.0
Åke,791,0,791,0.0
Ann-Britth,3,3,0,1.0
Ifeta,2,2,0,1.0
Alexandar,2,0,2,0.0
Chanthawan,1,1,0,1.0
Ywonne,2,2,0,1.0
Bernt-Inge,5,0,5,0.0
Shashika,12,12,0,1.0
Sawpon,2,0,2,0.0
Ivanka,1,1,0,1.0
Acke,8,0,8,0.0
Lotti,10,10,0,1.0
Shirley,6,6,0,1.0
Narcis,8,0,8,0.0
Kati,14,14,0,1.0
Margonia,1,1,0,1.0
Fredy,4,0,4,0.0
Hans-Christian,4,0,4,0.0
Per-Ingvar,17,0,17,0.0
Karita,1,1,0,1.0
Leena-Mararetta,6,6,0,1.0
Lerny,7,0,7,0.0
Michaela,36,36,0,1.0
Ernfrid,1,0,1,0.0
Nils-Rune,5,0,5,0.0
Marin,2,0,2,0.0
Tülin,2,2,0,1.0
Ghodsi,14,14,0,1.0
Majidi,2,0,2,0.0
Gunweig,2,2,0,1.0
Joanna,39,39,0,1.0
Stig-Harry,1,0,1,0.0
Shkendije,7,7,0,1.0
C,44,0,44,0.0
Pehter,2,0,2,0.0
Metin,12,0,12,0.0
Titti,21,21,0,1.0
Elias,81,0,81,0.0
Len,2,0,2,0.0
Ann,515,515,0,1.0
Dimitrios,34,0,34,0.0
Lars-Oskar,1,0,1,0.0
Zaid,1,0,1,0.0
Curt-Arne,1,0,1,0.0
Morteza,3,0,3,0.0
Astor,8,0,8,0.0
Yadollah,2,0,2,0.0
Ratanaphorn,1,1,0,1.0
Per,1842,0,1842,0.0
Shaban,2,0,2,0.0
Arjang,1,0,1,0.0
Ingwar,2,0,2,0.0
Marja-Terttu,1,1,0,1.0
Lillies,6,6,0,1.0
Fahimeh,2,2,0,1.0
Bibbi,21,21,0,1.0
Anna,1944,1944,0,1.0
Margreth,21,21,0,1.0
Elizabeth,24,24,0,1.0
Jasmine,1,1,0,1.0
Trygve,3,0,3,0.0
Edith,3,3,0,1.0
Raili,7,7,0,1.0
Sakarias,4,0,4,0.0
Susann,49,49,0,1.0
Mathilda,14,14,0,1.0
Hassaan,7,0,7,0.0
Hedwig,18,18,0,1.0
Ashraf,4,4,0,1.0
Naeimi,1,1,0,1.0
Ortwin,2,0,2,0.0
Tesfaye,2,0,2,0.0
Brendan,2,0,2,0.0
Linda,508,508,0,1.0
Lars-Göran,191,0,191,0.0
Efva,10,10,0,1.0
Farahroz,8,8,0,1.0
Ahmad,41,0,41,0.0
Havva,8,8,0,1.0
Signhild,6,6,0,1.0
Admon,2,0,2,0.0
Sven-Ingvar,26,0,26,0.0
Ray,11,0,11,0.0
Sten-Ove,1,0,1,0.0
Janice,1,1,0,1.0
Morgana,1,1,0,1.0
Ilich,3,0,3,0.0
Torgerd,2,2,0,1.0
Pilar,2,2,0,1.0
Lile,2,2,0,1.0
Irma,55,55,0,1.0
Lars-Axel,7,0,7,0.0
Maicen,1,1,0,1.0
Imelda,2,2,0,1.0
Ayna,2,2,0,1.0
Ina,23,23,0,1.0
Joni,2,0,2,0.0
Cariné,1,1,0,1.0
Nedim,26,0,26,0.0
Kent-Inge,2,0,2,0.0
Sten,440,0,440,0.0
Paola,2,2,0,1.0
Karl-Bernt,1,0,1,0.0
Girlie,3,3,0,1.0
Roger,613,0,613,0.0
Jan-Göran,1,0,1,0.0
Henrick,1,0,1,0.0
Kim,154,74,80,0.4805194805194805
Fatima,58,58,0,1.0
Katri,1,1,0,1.0
Alit,1,0,1,0.0
Boas,1,0,1,0.0
Fahri,6,0,6,0.0
Wello,1,0,1,0.0
Amal,6,3,3,0.5
Else-Karin,1,1,0,1.0
Lindha,2,2,0,1.0
Lucho,2,0,2,0.0
Desideria,1,1,0,1.0
Andre,1,0,1,0.0
Mike,3,0,3,0.0
Märta-Lena,1,1,0,1.0
Saddia,3,3,0,1.0
Yuri,5,0,5,0.0
Mathilde,1,1,0,1.0
Charlotte,290,290,0,1.0
Melita,2,2,0,1.0
Inga-Britt,65,65,0,1.0
Hysen,1,0,1,0.0
Miklos,3,0,3,0.0
Davis,5,0,5,0.0
Cilas,1,0,1,0.0
Zelba,1,0,1,0.0
Pradip,6,0,6,0.0
Kerstin-Maria,2,2,0,1.0
Amanda,113,113,0,1.0
Ammi,3,3,0,1.0
Mésud,2,0,2,0.0
Zuber,2,0,2,0.0
Iha,4,4,0,1.0
Allan,152,0,152,0.0
Almuth,1,1,0,1.0
Estanislao,12,0,12,0.0
Yvonne,672,672,0,1.0
Alar,8,0,8,0.0
Melker,13,0,13,0.0
Elam,1,0,1,0.0
Juan,36,0,36,0.0
Jessika,19,19,0,1.0
Abdulahi,2,0,2,0.0
Lilliann,5,5,0,1.0
Behxhet,1,0,1,0.0
Roddy,10,0,10,0.0
Subhi,2,0,2,0.0
Axel-Ebbe,1,0,1,0.0
Vollmar,1,0,1,0.0
Behcet,6,0,6,0.0
Annelee,2,2,0,1.0
Stina,299,299,0,1.0
Marit,66,66,0,1.0
Sari,28,28,0,1.0
Elsemarie,6,6,0,1.0
Lise-Lotte,48,48,0,1.0
Wilhelm,15,0,15,0.0
Radovan,10,0,10,0.0
PerOla,12,0,12,0.0
Ercan,17,0,17,0.0
UllaKarin,1,1,0,1.0
Kennet,31,0,31,0.0
Annakari,2,2,0,1.0
Hlödur,5,0,5,0.0
Kai,43,0,43,0.0
Hans-Fredrik,2,0,2,0.0
Luiza,1,1,0,1.0
Suleiman,3,0,3,0.0
Alaa,10,9,1,0.9
Estelle,3,3,0,1.0
Riegel,2,2,0,1.0
Alexej,2,0,2,0.0
Camilo,58,0,58,0.0
Ilja,4,4,0,1.0
Teres,10,10,0,1.0
Maj-Vis,5,5,0,1.0
Lillan,7,7,0,1.0
Ovidia,2,2,0,1.0
Daogo,12,0,12,0.0
Orom,2,0,2,0.0
Levy,1,0,1,0.0
Baltzar,1,0,1,0.0
Käthe,17,17,0,1.0
Maurice,6,0,6,0.0
Eva-Brita,7,7,0,1.0
Carl-Inge,2,0,2,0.0
Willmar,1,0,1,0.0
Maud,192,192,0,1.0
Jessicca,2,2,0,1.0
Modou,6,0,6,0.0
Glenn,99,0,99,0.0
Towa,1,1,0,1.0
Jim,57,0,57,0.0
Madli-Ann,6,6,0,1.0
Liliana,8,8,0,1.0
Hojat,2,0,2,0.0
Kalsoom,5,5,0,1.0
Sophie,20,20,0,1.0
Caroline,370,370,0,1.0
Gurli,2,2,0,1.0
Eivi,1,1,0,1.0
Sukrî,14,0,14,0.0
Anncharlott,2,2,0,1.0
Ramtin,9,0,9,0.0
Denis,14,0,14,0.0
Anne-Louise,16,16,0,1.0
Jonnny,1,0,1,0.0
Vivie,2,2,0,1.0
Morten,8,0,8,0.0
Delshad,7,0,7,0.0
Tex,2,0,2,0.0
Bashkim,2,0,2,0.0
Dieter,5,0,5,0.0
Imre,3,0,3,0.0
Hans-G,9,0,9,0.0
Folke,240,0,240,0.0
Nermin,2,0,2,0.0
Annika,860,860,0,1.0
Ziita,6,6,0,1.0
Lars-Evald,1,0,1,0.0
Sunil,8,0,8,0.0
Hillevi,38,38,0,1.0
Ingamaj,2,2,0,1.0
Elver,2,0,2,0.0
Pavo,1,0,1,0.0
Burhan,11,0,11,0.0
Britt,467,467,0,1.0
Ian,12,0,12,0.0
Orla,9,0,9,0.0
Tahmineh,9,9,0,1.0
Moses,4,0,4,0.0
Märta,50,50,0,1.0
Sladjana,16,16,0,1.0
Anna-Lee,3,3,0,1.0
Bonde,1,0,1,0.0
Tord-Gunnar,1,0,1,0.0
Shorik,8,8,0,1.0
Douglas,51,0,51,0.0
Hans-Olov,7,0,7,0.0
Key,3,0,3,0.0
Odd,8,0,8,0.0
Claes-Håkan,2,0,2,0.0
Liselott,27,27,0,1.0
Mozhgan,8,8,0,1.0
Liza,27,27,0,1.0
Klein,1,0,1,0.0
Ann-Lie,3,3,0,1.0
Saga-Britt,3,3,0,1.0
Mie,9,9,0,1.0
Augustus,1,0,1,0.0
Wiwi,3,3,0,1.0
Fredrich,8,0,8,0.0
Evalena,6,6,0,1.0
Marijan,4,0,4,0.0
Terese,29,29,0,1.0
Marie-Louis,2,2,0,1.0
Dzenan,4,0,4,0.0
Pauline,7,7,0,1.0
Per-Gösta,2,0,2,0.0
Mio,10,1,9,0.1
Linnéa,119,119,0,1.0
Pirkko,21,21,0,1.0
Lotta-Stina,29,29,0,1.0
Bennit,2,2,0,1.0
Klas-Olof,2,0,2,0.0
Leif,1416,0,1416,0.0
Aho,2,0,2,0.0
Kenneht,3,0,3,0.0
Dorota,3,3,0,1.0
Runa,30,30,0,1.0
Noria,5,5,0,1.0
Rebecca,116,116,0,1.0
Berne,15,0,15,0.0
Maytham,1,0,1,0.0
Clare,1,1,0,1.0
Ruta,4,4,0,1.0
Charlott,8,8,0,1.0
Manige,10,10,0,1.0
Zbigniew,1,0,1,0.0
Jerk,5,0,5,0.0
Janita,3,3,0,1.0
Marika,72,72,0,1.0
Sofie,121,121,0,1.0
Thusnelda,1,1,0,1.0
Cheryl,5,5,0,1.0
Nikolaus,2,0,2,0.0
Jannicka,1,1,0,1.0
Hervor,7,7,0,1.0
Jaime,9,0,9,0.0
Berry,7,5,2,0.7142857142857143
Omid,7,0,7,0.0
Zana,6,0,6,0.0
Elona,4,4,0,1.0
Annelies,1,1,0,1.0
Najla,4,4,0,1.0
Andris,6,0,6,0.0
Vesta,1,1,0,1.0
Elvane,1,1,0,1.0
Serena,2,2,0,1.0
Liss,3,3,0,1.0
Jasna,5,5,0,1.0
Marc,73,0,73,0.0
Marie-Louise,202,202,0,1.0
Majja,1,1,0,1.0
Joys,2,0,2,0.0
Alexander,290,0,290,0.0
Pentti,6,0,6,0.0
Majvor,41,41,0,1.0
Guildo,2,0,2,0.0
Gullvor,1,1,0,1.0
Shahin,3,3,0,1.0
Ami,4,4,0,1.0
Pavle,3,0,3,0.0
Inga-Kerstin,2,2,0,1.0
Jack,169,0,169,0.0
Friederike,27,27,0,1.0
Aagot,1,1,0,1.0
Ros-Marie,20,20,0,1.0
Nils-Ivar,2,0,2,0.0
Zenia,2,2,0,1.0
Ermin,6,0,6,0.0
Guled,2,0,2,0.0
Per-Arne,117,0,117,0.0
Dennis,118,0,118,0.0
Luise,1,1,0,1.0
Goro,1,1,0,1.0
Suzane,1,1,0,1.0
Diako,4,0,4,0.0
Hassan,15,0,15,0.0
Smajo,2,0,2,0.0
Leyla,5,5,0,1.0
Zidon,2,0,2,0.0
Ludwig,20,0,20,0.0
Cem,4,0,4,0.0
Rafaela,4,4,0,1.0
Veroncia,4,4,0,1.0
Wolf,4,0,4,0.0
Anniqa,2,2,0,1.0
Pradrag,1,0,1,0.0
Lars-Ivan,9,0,9,0.0
Pavel,41,0,41,0.0
Theodor,2,0,2,0.0
Gunn,30,30,0,1.0
Ellika,8,8,0,1.0
Ulla-Kajsa,1,1,0,1.0
Gyöngyi,2,2,0,1.0
Ioana,7,7,0,1.0
Svein,3,0,3,0.0
Mustafa,24,0,24,0.0
Hans-Egil,1,0,1,0.0
Kurt-Åke,2,0,2,0.0
Beata,13,13,0,1.0
Angelika,14,14,0,1.0
Kajsa,139,139,0,1.0
Hans-Jürgen,1,0,1,0.0
Hanin,1,1,0,1.0
Affi,2,2,0,1.0
Stig-Uno,1,0,1,0.0
Inga-Maja,2,2,0,1.0
Runar,28,0,28,0.0
Puri,2,2,0,1.0
Laurent,2,0,2,0.0
Luciana,1,1,0,1.0
Mats-Åke,6,0,6,0.0
Jan-Håkan,7,0,7,0.0
Katja,44,44,0,1.0
Parisa,1,1,0,1.0
Monessa,5,5,0,1.0
Tamiz,2,0,2,0.0
Larsgöran,7,0,7,0.0
Ferdinand,2,0,2,0.0
Zara,6,6,0,1.0
Calle,55,0,55,0.0
Torill,1,1,0,1.0
Dath,1,1,0,1.0
Helene,436,436,0,1.0
Hasan,21,0,21,0.0
Hannes,51,0,51,0.0
Clarence,7,0,7,0.0
Clemens,4,0,4,0.0
Camiel,1,0,1,0.0
Leif-Åke,14,0,14,0.0
Dragica,2,2,0,1.0
John-Fredrik,1,0,1,0.0
Annegret,2,2,0,1.0
Mari-Anne,10,10,0,1.0
Bittan,1,1,0,1.0
Kersthin,1,1,0,1.0
Merete,14,14,0,1.0
Kule,2,0,2,0.0
Zaine,2,0,2,0.0
Bo-Inge,2,0,2,0.0
Edor,2,0,2,0.0
Dorothea,29,29,0,1.0
Piotr,13,0,13,0.0
Skaidrite,1,1,0,1.0
Zsuzsanna,4,4,0,1.0
Lizetthe,1,1,0,1.0
Margot,35,35,0,1.0
Salam,1,0,1,0.0
Erik-Abel,4,0,4,0.0
Emilia,98,98,0,1.0
Brigith,1,1,0,1.0
Irhan,3,0,3,0.0
Stihna,2,2,0,1.0
Tomny,3,0,3,0.0
Meeri,10,10,0,1.0
Görel,13,13,0,1.0
Pierré,1,0,1,0.0
Marta,27,27,0,1.0
Kristjan,3,0,3,0.0
Ann-Marie,166,166,0,1.0
Lois,6,6,0,1.0
Lea,12,12,0,1.0
Marie-Ann,16,16,0,1.0
Sivor,8,8,0,1.0
Bengt.G,1,0,1,0.0
Bo-Arne,1,0,1,0.0
Vladko,9,0,9,0.0
Tommy,905,0,905,0.0
Nursel,2,2,0,1.0
Jaro,8,0,8,0.0
Natasha,14,14,0,1.0
Eleanor,1,1,0,1.0
Carleric,1,0,1,0.0
Sven-Åke,124,0,124,0.0
Jenni,8,8,0,1.0
Seluah,4,4,0,1.0
Per-Jonny,1,0,1,0.0
Tage,83,0,83,0.0
Neda,3,3,0,1.0
Livia,3,3,0,1.0
Nasrin,4,4,0,1.0
Bengt-Ove,5,0,5,0.0
Per-Ove,24,0,24,0.0
Gabriella,77,77,0,1.0
Natalia,14,14,0,1.0
Attila,1,0,1,0.0
Hans-Eric,10,0,10,0.0
Ingbert,3,0,3,0.0
Ming,2,2,0,1.0
Warren,8,0,8,0.0
Maja-Stina,2,2,0,1.0
Aase,8,8,0,1.0
Ranko,3,0,3,0.0
Keijo,10,0,10,0.0
Modesty,1,1,0,1.0
Patrick,53,0,53,0.0
Benta,2,2,0,1.0
Ingmar,58,0,58,0.0
Ann-Louise,92,92,0,1.0
Myrna,6,6,0,1.0
Carl-Olof,12,0,12,0.0
GunBritt,1,1,0,1.0
Lo,8,8,0,1.0
Torgny,95,0,95,0.0
Bengt-Gunnar,5,0,5,0.0
John-Axel,1,0,1,0.0
Lucio,3,0,3,0.0
Aurora,7,7,0,1.0
Dorthy,4,4,0,1.0
Stenley,1,0,1,0.0
Birgith,13,13,0,1.0
Ann-Helene,2,2,0,1.0
Sjunne,4,0,4,0.0
Anneth,3,3,0,1.0
Anna-Brita,2,2,0,1.0
Ruzena,3,3,0,1.0
Junuz,4,0,4,0.0
Bogna,14,14,0,1.0
Gita,30,30,0,1.0
Lars-Ivar,16,0,16,0.0
Schadrach,1,0,1,0.0
Magdalena,64,64,0,1.0
Sven-Bernhard,1,0,1,0.0
Wilo,41,41,0,1.0
Kent-Åke,6,0,6,0.0
Mirja,36,36,0,1.0
Thina,5,5,0,1.0
Harri,15,0,15,0.0
Raila,24,24,0,1.0
Loran,1,0,1,0.0
Jean-Daniel,2,0,2,0.0
Zivojien,1,0,1,0.0
Jessica,317,317,0,1.0
Jamileh,4,4,0,1.0
Neil,5,0,5,0.0
Sven-Otto,1,0,1,0.0
Ville,13,0,13,0.0
Diana,97,97,0,1.0
Shigeru,1,0,1,0.0
Hans-Ola,1,0,1,0.0
Gail,14,0,14,0.0
Åse,35,35,0,1.0
Jeppe,2,0,2,0.0
Marinette,7,7,0,1.0
Nomi,2,2,0,1.0
Thommie,1,0,1,0.0
Chasmin,1,1,0,1.0
Per-Sten,1,0,1,0.0
Elena,51,51,0,1.0
Sten-Eric,7,0,7,0.0
Osvald,1,0,1,0.0
Darina,2,2,0,1.0
Claus,50,0,50,0.0
Börje,407,0,407,0.0
Viweka,1,1,0,1.0
Gerry,10,0,10,0.0
Ebrahim,6,0,6,0.0
Samer,2,0,2,0.0
Maret,2,2,0,1.0
Berit,591,591,0,1.0
Jakop,39,0,39,0.0
Tellervo,1,1,0,1.0
Daina,1,1,0,1.0
Nils-Börje,2,0,2,0.0
Tyrgils,4,0,4,0.0
Jane,82,82,0,1.0
Lindis,5,5,0,1.0
Larseric,8,0,8,0.0
Erna,14,14,0,1.0
Axel,152,0,152,0.0
Christel,78,78,0,1.0
Kojo,1,0,1,0.0
Karl-Magnus,12,0,12,0.0
Violeth,1,1,0,1.0
Ardalan,1,0,1,0.0
Clary,8,8,0,1.0
Jan-Börje,1,0,1,0.0
Signild,3,3,0,1.0
Rasmus,121,0,121,0.0
August,22,0,22,0.0
Samija,3,3,0,1.0
Eino,7,0,7,0.0
Katrina,15,15,0,1.0
Emma,428,428,0,1.0
Janina,35,35,0,1.0
Melisa,2,2,0,1.0
Karl-Ove,2,0,2,0.0
Katarina,461,461,0,1.0
Geir,1,0,1,0.0
Susanne,607,607,0,1.0
Kickan,9,9,0,1.0
Kimmo,2,0,2,0.0
Peo,6,0,6,0.0
Suvad,1,0,1,0.0
Toni,69,0,69,0.0
Mosad,2,0,2,0.0
Dominic,4,0,4,0.0
Ann-Carin,3,3,0,1.0
Reynaldo,6,0,6,0.0
Maude,10,10,0,1.0
Farry,1,0,1,0.0
Liezel,1,1,0,1.0
Kennert,12,0,12,0.0
Petja,4,4,0,1.0
Ingemo,17,17,0,1.0
Nourouz,4,0,4,0.0
Cyrene,1,1,0,1.0
Payman,1,1,0,1.0
Kolbjörn,1,0,1,0.0
Elsbeth,3,3,0,1.0
Binita,1,1,0,1.0
Ewert,6,0,6,0.0
Biörn,2,0,2,0.0
Van,2,0,2,0.0
Alia,4,4,0,1.0
Marjo,6,6,0,1.0
Kiki,14,14,0,1.0
Toivo,1,0,1,0.0
Nathalie,32,32,0,1.0
Bengt-Anders,4,0,4,0.0
Phillippe,1,0,1,0.0
Tariq,2,0,2,0.0
Jeff,2,0,2,0.0
Oddvar,6,0,6,0.0
Svenåke,1,0,1,0.0
Ann-Helen,18,18,0,1.0
Mariela,31,31,0,1.0
Pether,34,0,34,0.0
Roine,19,0,19,0.0
Rihab,1,1,0,1.0
Gamil,4,0,4,0.0
Georges,2,0,2,0.0
Marjan,8,8,0,1.0
Maina,3,3,0,1.0
Ömer,2,0,2,0.0
Nexhat,8,0,8,0.0
Gábor,3,0,3,0.0
Anne-Mai,1,1,0,1.0
Gaby,1,1,0,1.0
Wendla,1,1,0,1.0
Ilija,46,0,46,0.0
Jan-Ingemar,2,0,2,0.0
Eduardo,16,0,16,0.0
Branka,13,13,0,1.0
Anders,3160,0,3160,0.0
Maritha,39,39,0,1.0
Andrei,5,0,5,0.0
John-Östen,1,0,1,0.0
Tycko,1,0,1,0.0
Rude,1,0,1,0.0
Werner,24,0,24,0.0
Mira,6,6,0,1.0
Gretty,1,1,0,1.0
Örjan,131,0,131,0.0
Malena,16,16,0,1.0
Larserik,1,0,1,0.0
Ingolf,2,0,2,0.0
Derya,9,9,0,1.0
Nooshi,2,2,0,1.0
Navdeep,1,0,1,0.0
JP,1,0,1,0.0
Jacomina,4,4,0,1.0
Alvi,5,5,0,1.0
Eila,32,32,0,1.0
Lidia,15,15,0,1.0
Ljubica,19,19,0,1.0
Riad,1,0,1,0.0
Harbi,4,0,4,0.0
Kent-Göran,1,0,1,0.0
Shaokat,2,0,2,0.0
Heléne,50,50,0,1.0
Gert-Owe,1,0,1,0.0
Loa,4,4,0,1.0
Tutti,8,8,0,1.0
Gafour,1,0,1,0.0
Calill,5,5,0,1.0
Flora,14,14,0,1.0
Maj-Len,13,13,0,1.0
Sylke,1,1,0,1.0
Aarno,1,0,1,0.0
Kaare,1,0,1,0.0
Kathrine,11,11,0,1.0
Etelka,10,10,0,1.0
Peyman,2,0,2,0.0
Hamida,2,2,0,1.0
Aysegul,3,3,0,1.0
Mai,11,11,0,1.0
Pabel,2,0,2,0.0
Eva-Maria,11,11,0,1.0
Anna-Leena,1,1,0,1.0
Ronnie,81,1,80,0.012345679012345678
Germund,3,0,3,0.0
Berth,12,0,12,0.0
Thorkel,12,0,12,0.0
Greger,42,0,42,0.0
Dayana,5,5,0,1.0
Lille-Mor,1,1,0,1.0
Sterner,2,0,2,0.0
Emir,5,0,5,0.0
Lars-Peter,2,0,2,0.0
Dirk,1,0,1,0.0
Jonny,215,0,215,0.0
Azad,17,0,17,0.0
Liz,70,70,0,1.0
Darek,2,0,2,0.0
Ketema,2,0,2,0.0
Per-Uno,1,0,1,0.0
Jurgen,12,0,12,0.0
Manuela,4,4,0,1.0
Cigdem,2,2,0,1.0
Deniz,2,0,2,0.0
Caj,2,2,0,1.0
Theresé,2,2,0,1.0
Din,6,0,6,0.0
Maila,8,8,0,1.0
Berndt-Johan,3,0,3,0.0
Lars-Tore,1,0,1,0.0
Taito,1,0,1,0.0
Indira,4,4,0,1.0
Uddo,4,0,4,0.0
Nezat,1,1,0,1.0
Sirwan,2,0,2,0.0
Hans,1473,0,1473,0.0
Aulis,3,0,3,0.0
Magdi,8,0,8,0.0
Ingegerd,209,209,0,1.0
Reidar,29,0,29,0.0
Mariella,5,5,0,1.0
Lizzie,1,1,0,1.0
Ayat,2,2,0,1.0
Demba,180,0,180,0.0
Kazimira,1,1,0,1.0
Nabel,2,0,2,0.0
Wictoria,1,1,0,1.0
Sig-Britt,9,9,0,1.0
Lars-Anders,24,0,24,0.0
Wåge,6,0,6,0.0
Samir,14,0,14,0.0
Cherstin,15,15,0,1.0
Henny,5,5,0,1.0
Milly,6,6,0,1.0
Ayda,14,14,0,1.0
Astrid,336,336,0,1.0
Ellen,31,31,0,1.0
Inga-Maria,1,1,0,1.0
Smail,24,0,24,0.0
Monir,4,0,4,0.0
Tomislav,2,0,2,0.0
Ismo,23,0,23,0.0
Cora,1,1,0,1.0
Karl-Ivan,1,0,1,0.0
Kent-Sören,1,0,1,0.0
Peranders,7,0,7,0.0
Geoffrey,7,0,7,0.0
Issa,21,0,21,0.0
Nilofar,2,2,0,1.0
Elionor,7,7,0,1.0
Ritha,24,24,0,1.0
Anne-Catrin,2,2,0,1.0
Mrad,2,0,2,0.0
Amin,2,0,2,0.0
Karl-Fredrik,2,0,2,0.0
Bridget,3,3,0,1.0
Vasilios,12,0,12,0.0
Abdirizak,9,0,9,0.0
Inge-Marie,1,1,0,1.0
Sejla,4,4,0,1.0
Sigfrid,7,0,7,0.0
Irmeli,29,29,0,1.0
Kristoffer,107,0,107,0.0
Petrus,8,0,8,0.0
Jozef,1,0,1,0.0
Klavs,10,0,10,0.0
Hildegard,31,31,0,1.0
Dalia,7,7,0,1.0
Lars-Uno,1,0,1,0.0
Ann-Karin,1,1,0,1.0
Ragna,6,6,0,1.0
Margrethe,28,28,0,1.0
Dimitri,1,0,1,0.0
Kifle,2,0,2,0.0
Susan,37,37,0,1.0
Wulf,26,0,26,0.0
Thérése,2,2,0,1.0
Fredrika,18,18,0,1.0
Peder,102,0,102,0.0
Amelia,2,2,0,1.0
István,9,0,9,0.0
Djamila,1,1,0,1.0
Ilbäcks,14,0,14,0.0
Gilbert,54,0,54,0.0
Rebuar,6,0,6,0.0
Mickael,4,0,4,0.0
Tulsa,1,1,0,1.0
Sonnie,33,31,2,0.9393939393939394
Edina,1,1,0,1.0
Alfred,10,0,10,0.0
Erland,107,0,107,0.0
Annelii,1,1,0,1.0
Ouzine,2,0,2,0.0
Melinda,33,33,0,1.0
Ertu,2,0,2,0.0
Annie-Marie,1,1,0,1.0
Susanné,6,6,0,1.0
Pat,2,0,2,0.0
Elvan,2,0,2,0.0
Han,1,0,1,0.0
Eleonore,14,14,0,1.0
Owe,135,0,135,0.0
Ellenor,5,5,0,1.0
Jamal,11,1,10,0.09090909090909091
Desmond,8,0,8,0.0
Per-Gustav,3,0,3,0.0
Nilla,7,7,0,1.0
Els-Marie,23,23,0,1.0
Muharrem,4,0,4,0.0
Karl-Georg,1,0,1,0.0
Sharad,8,0,8,0.0
Torsten,179,0,179,0.0
Sven-Erik,161,0,161,0.0
Remzi,1,0,1,0.0
Iqbal,2,0,2,0.0
Daniel,1313,0,1313,0.0
Ragge,4,0,4,0.0
Liz-Mary,1,1,0,1.0
Hasse,56,0,56,0.0
Ines,8,8,0,1.0
Annelise,3,3,0,1.0
Edda,1,1,0,1.0
Miriam,41,41,0,1.0
Serkan,5,0,5,0.0
Omar,9,0,9,0.0
Nedi,1,1,0,1.0
Berner,3,0,3,0.0
Marja-Leena,3,3,0,1.0
Carl-Jan,1,0,1,0.0
Sven-Arnold,1,0,1,0.0
Vilmer,6,0,6,0.0
Hussein,36,0,36,0.0
Klas-Gunnar,1,0,1,0.0
Sibylle,5,5,0,1.0
Paula,127,127,0,1.0
Majdor,2,2,0,1.0
Atanasios,1,0,1,0.0
Rachid,1,0,1,0.0
Dean,2,0,2,0.0
Lillebill,7,7,0,1.0
Pal,2,0,2,0.0
Ann-Kathrin,1,1,0,1.0
Ann-Cathrin,13,13,0,1.0
Hajra,2,2,0,1.0
Sif,1,1,0,1.0
Evaggelos,8,0,8,0.0
Sabella,2,2,0,1.0
Francesca,1,1,0,1.0
Valbone,3,3,0,1.0
Agnhild,1,1,0,1.0
Kjell-Egon,8,0,8,0.0
Thaher,4,0,4,0.0
Bitten,6,6,0,1.0
Anncathrin,1,1,0,1.0
Anna-Maria,41,41,0,1.0
Keith,2,0,2,0.0
Cina,2,2,0,1.0
Houda,2,2,0,1.0
Theresia,18,18,0,1.0
Klemens,2,0,2,0.0
Ingo,12,0,12,0.0
Zenel,1,0,1,0.0
Thao,1,1,0,1.0
Ronney,3,0,3,0.0
Carl-Edvin,5,0,5,0.0
Cristo,2,0,2,0.0
Karoly,6,0,6,0.0
Belinda,5,5,0,1.0
Tamineh,29,29,0,1.0
Mette-Maaria,2,2,0,1.0
Michael,685,0,685,0.0
Annely,2,2,0,1.0
Sten-Inge,8,0,8,0.0
Edgar,2,0,2,0.0
Jonni,1,0,1,0.0
Stefanos,4,0,4,0.0
Levent,6,0,6,0.0
Lesley,7,0,7,0.0
Gerda,3,3,0,1.0
Olena,5,5,0,1.0
Taib,2,0,2,0.0
Mario,20,0,20,0.0
Ralph,32,0,32,0.0
Eliza,3,3,0,1.0
Hawkey,1,0,1,0.0
Ann-Helén,1,1,0,1.0
Britthelen,1,1,0,1.0
Karna,1,1,0,1.0
Caijsa,2,2,0,1.0
Nino,1,0,1,0.0
Liljan,2,2,0,1.0
Vladan,18,0,18,0.0
Biljana,15,15,0,1.0
Rezene,4,0,4,0.0
Tulkin,1,0,1,0.0
Ashti,2,2,0,1.0
Azadeh,3,3,0,1.0
Sipan,1,0,1,0.0
Benita,15,15,0,1.0
Raghid,1,0,1,0.0
Barbro,588,588,0,1.0
Sickan,7,7,0,1.0
Husein,4,0,4,0.0
Rosalill,4,4,0,1.0
Inghar,7,0,7,0.0
Nicholas,4,0,4,0.0
Jolan,2,0,2,0.0
Firdesa,2,2,0,1.0
Cafer,2,0,2,0.0
Vlasta,19,19,0,1.0
Singoalla,3,3,0,1.0
Hans-Ingvar,1,0,1,0.0
Azizeh,2,2,0,1.0
Enrico,3,0,3,0.0
Fredrick,9,0,9,0.0
Mehdi,8,0,8,0.0
Hanna,551,541,10,0.9818511796733213
Roxana,7,7,0,1.0
John,367,0,367,0.0
Evan,6,0,6,0.0
Yesab,2,0,2,0.0
Molly,2,2,0,1.0
Fayza,2,2,0,1.0
Petteri,12,0,12,0.0
Arhe,1,0,1,0.0
Magda,15,15,0,1.0
Soraja,3,3,0,1.0
Annasara,5,5,0,1.0
Anaam,1,1,0,1.0
Reidunn,1,1,0,1.0
Ellinor,120,120,0,1.0
Halima,29,29,0,1.0
Dan-Olof,1,0,1,0.0
Zandra,7,7,0,1.0
Violeta,3,3,0,1.0
Muris,1,0,1,0.0
Ahmadwali,1,0,1,0.0
Emad,2,0,2,0.0
Leopoldo,1,0,1,0.0
Jesper,199,0,199,0.0
Katayoun,3,3,0,1.0
Daleth,2,0,2,0.0
Kjell-Anders,1,0,1,0.0
Hans-Petter,2,0,2,0.0
Naji,1,0,1,0.0
Lars-Ruben,4,0,4,0.0
Vian,6,6,0,1.0
Haris,8,0,8,0.0
Carl-Arne,1,0,1,0.0
Dragomir,9,0,9,0.0
Madlen,1,1,0,1.0
Skúli,6,0,6,0.0
Shabeer,1,0,1,0.0
Kris,2,2,0,1.0
Sven-Olle,3,0,3,0.0
Elna,6,6,0,1.0
Carl-Anders,20,0,20,0.0
Ornina,7,7,0,1.0
Tabaco,1,0,1,0.0
Umar,1,0,1,0.0
Gull-Britt,17,17,0,1.0
My,14,14,0,1.0
Selin,2,2,0,1.0
Fred-Gunnar,1,0,1,0.0
Jan-Erik,215,0,215,0.0
Karl-Vilhelm,2,0,2,0.0
Amelie,17,17,0,1.0
Görgen,27,0,27,0.0
Leni,21,21,0,1.0
Abdulle,2,0,2,0.0
Janete,1,1,0,1.0
Karl-Eve,2,0,2,0.0
Bodil,208,208,0,1.0
Naimie,2,2,0,1.0
Marco,49,0,49,0.0
Willmor,1,1,0,1.0
Carin,228,228,0,1.0
Wendelin,2,0,2,0.0
Karl-Gustaf,16,0,16,0.0
Britt-Marie,327,327,0,1.0
Bengt-Gustav,1,0,1,0.0
Willie,3,0,3,0.0
Dragana,10,10,0,1.0
Gerth-Bonde,1,0,1,0.0
Tania,4,4,0,1.0
Atcha,2,0,2,0.0
Yvette,6,6,0,1.0
Madelene,51,51,0,1.0
Gittel,2,2,0,1.0
Antti,12,0,12,0.0
Vita,2,2,0,1.0
Nasif,2,0,2,0.0
Stanislava,2,2,0,1.0
Gertie,10,10,0,1.0
Bång,1,1,0,1.0
Joan,1,0,1,0.0
Sten-Gunnar,2,0,2,0.0
Gert-Åke,46,0,46,0.0
Sven-Anders,22,0,22,0.0
Malte,25,0,25,0.0
Soile,1,1,0,1.0
Luisella,2,2,0,1.0
Veine,10,0,10,0.0
Abdiwahab,2,0,2,0.0
Venugopal,4,0,4,0.0
Chang,10,0,10,0.0
Smajl,2,0,2,0.0
Tjitte,1,0,1,0.0
Janis,2,0,2,0.0
Nenad,1,0,1,0.0
Maximo,5,0,5,0.0
Claes-Johan,14,0,14,0.0
Ozlema,1,1,0,1.0
Dana,2,2,0,1.0
Radhwan,1,0,1,0.0
Dahn,44,0,44,0.0
Adela,1,1,0,1.0
Hed,2,0,2,0.0
Harrieth,19,19,0,1.0
Vivianne,197,197,0,1.0
Dennys,1,0,1,0.0
Florian,2,0,2,0.0
Gottfried,2,0,2,0.0
Amos,1,0,1,0.0
Anna-Liisa,8,8,0,1.0
Nour,1,0,1,0.0
Tarek,6,0,6,0.0
Maida,3,3,0,1.0
Andrés,4,0,4,0.0
Mujde,6,0,6,0.0
Roz,1,1,0,1.0
Carolyn,3,3,0,1.0
Eleni,11,11,0,1.0
Nilsåke,2,0,2,0.0
Waltraud,2,2,0,1.0
Konny,4,0,4,0.0
Kith,1,1,0,1.0
Joachim,88,0,88,0.0
Shahla,3,3,0,1.0
Lita,2,2,0,1.0
johan,2,0,2,0.0
Gull,7,7,0,1.0
Kamal,5,1,4,0.2
Venche,8,8,0,1.0
Benkt-Eric,2,0,2,0.0
Bitte,11,11,0,1.0
Ayser,3,3,0,1.0
Elise-Marie,2,2,0,1.0
Greta,22,22,0,1.0
Else-Marie,19,19,0,1.0
Vivan,1,1,0,1.0
Farshid,2,0,2,0.0
Kaiza,1,1,0,1.0
Willemo,6,6,0,1.0
Joost,2,0,2,0.0
Silvia,7,7,0,1.0
José,44,0,44,0.0
Ulla-Carin,4,4,0,1.0
Gheorghe,2,0,2,0.0
Ahova,5,5,0,1.0
Kirsten,12,12,0,1.0
Iván,1,0,1,0.0
